2 4.773
4 5.077
6 4.774
8 4.769
10 4.779
12 4.770
14 4.773
16 4.771
18 4.767
20 4.774
22 4.766
24 4.770
2 4.767
4 4.775
6 4.778
8 4.773
10 4.775
12 4.780
14 4.774
16 4.770
18 4.769
20 4.798
22 4.781
24 4.913
2 4.769
4 4.778
6 4.768
8 4.767
10 4.767
12 4.768
14 4.779
16 4.773
18 4.780
20 4.777
22 4.769
24 4.771
2 4.769
4 4.772
6 4.968
8 4.808
10 4.773
12 5.391
14 4.775
16 4.768
18 4.774
20 4.771
22 4.773
24 4.771
2 4.785
4 4.773
6 4.765
8 4.771
10 4.766
12 4.768
14 4.768
16 4.776
18 4.769
20 4.774
22 4.771
24 4.768
2 4.767
4 4.765
6 4.774
8 4.776
10 4.834
12 4.774
14 4.775
16 4.781
18 4.781
20 4.773
22 4.778
24 4.777
2 4.788
4 4.770
6 4.779
8 4.775
10 4.775
12 4.771
14 4.768
16 6.705
18 4.771
20 4.765
22 4.770
24 4.771
2 4.775
4 4.781
6 5.571
8 4.776
10 4.772
12 4.775
14 4.781
16 4.773
18 4.778
20 4.805
22 4.776
24 4.770
2 4.774
4 4.775
6 4.770
8 4.769
10 4.776
12 4.774
14 4.775
16 4.771
18 4.767
20 4.783
22 4.785
24 4.766
2 4.786
4 4.771
6 4.776
8 4.772
10 4.769
12 4.773
14 4.774
16 4.769
18 4.769
20 4.770
22 4.800
24 4.769
