2 1882.961
4 957.733
6 657.724
8 481.917
10 400.586
12 458.098
14 402.504
16 342.688
18 316.232
20 294.628
22 286.575
24 247.117
2 1882.958
4 974.171
6 679.772
8 497.275
10 402.703
12 363.350
14 404.203
16 342.664
18 318.251
20 305.431
22 267.988
24 247.138
2 1881.980
4 977.920
6 660.690
8 492.294
10 510.358
12 463.541
14 421.662
16 347.013
18 320.096
20 312.113
22 285.635
24 259.977
2 1881.846
4 964.047
6 646.111
8 485.270
10 452.591
12 351.462
14 406.645
16 340.723
18 338.867
20 304.520
22 277.325
24 248.055
2 1879.822
4 967.256
6 658.497
8 493.552
10 432.005
12 474.850
14 428.698
16 349.585
18 332.076
20 279.884
22 277.359
24 252.328
2 1887.889
4 958.721
6 674.116
8 492.444
10 419.433
12 339.522
14 401.940
16 347.848
18 329.617
20 291.081
22 271.911
24 260.108
2 1992.321
4 968.639
6 652.103
8 491.506
10 470.227
12 349.266
14 401.223
16 346.904
18 315.167
20 279.203
22 284.610
24 260.246
2 1877.166
4 957.880
6 661.595
8 479.708
10 413.046
12 353.301
14 395.063
16 336.399
18 321.246
20 304.104
22 260.473
24 255.114
2 1887.122
4 961.333
6 664.087
8 470.221
10 416.841
12 410.275
14 389.873
16 346.288
18 330.320
20 288.433
22 265.647
24 269.064
2 1905.915
4 957.060
6 659.931
8 467.368
10 408.107
12 413.397
14 400.733
16 335.190
18 324.727
20 288.623
22 283.682
24 262.614
