2 786.536
4 406.098
6 269.431
8 205.398
10 188.129
12 139.712
14 142.865
16 121.773
18 119.988
20 115.335
22 109.702
24 193.333
2 796.533
4 405.118
6 281.934
8 221.380
10 174.907
12 151.378
14 125.910
16 135.122
18 118.061
20 124.896
22 126.031
24 113.507
2 788.028
4 410.062
6 279.275
8 214.326
10 175.897
12 149.623
14 153.095
16 139.926
18 127.513
20 116.434
22 118.476
24 137.443
2 791.435
4 405.364
6 282.016
8 205.304
10 176.140
12 134.875
14 134.346
16 121.750
18 123.805
20 121.607
22 116.410
24 134.091
2 782.996
4 387.278
6 273.392
8 229.760
10 176.722
12 157.437
14 128.850
16 128.067
18 119.238
20 122.363
22 114.271
24 110.219
2 783.756
4 423.496
6 276.374
8 212.858
10 168.820
12 162.551
14 146.238
16 118.513
18 114.297
20 118.429
22 122.430
24 124.102
2 792.483
4 406.820
6 276.967
8 226.023
10 170.256
12 147.279
14 137.321
16 125.127
18 117.598
20 122.425
22 116.203
24 111.372
2 791.256
4 400.820
6 283.156
8 211.951
10 156.365
12 146.913
14 131.278
16 121.994
18 126.082
20 133.756
22 120.773
24 127.861
2 792.476
4 407.699
6 275.954
8 230.962
10 167.025
12 162.326
14 131.511
16 130.263
18 120.949
20 125.514
22 120.630
24 116.466
2 782.173
4 411.304
6 276.624
8 225.665
10 163.474
12 164.216
14 136.281
16 130.232
18 117.532
20 120.704
22 122.748
24 111.967
