2 100.132
4 56.240
6 39.660
8 43.582
10 31.629
12 26.792
14 25.114
16 25.530
18 27.615
20 29.241
22 25.853
24 42.941
2 96.821
4 58.966
6 38.784
8 29.099
10 41.553
12 28.110
14 27.644
16 31.442
18 28.913
20 25.734
22 37.780
24 32.782
2 90.527
4 57.031
6 38.269
8 26.021
10 29.705
12 32.143
14 26.288
16 26.136
18 32.318
20 31.850
22 39.554
24 40.341
2 99.523
4 53.151
6 43.266
8 30.848
10 29.824
12 33.960
14 28.125
16 27.136
18 27.246
20 31.689
22 40.149
24 39.112
2 88.601
4 56.245
6 53.948
8 42.541
10 29.262
12 30.781
14 25.462
16 26.168
18 31.603
20 30.427
22 31.412
24 60.135
2 101.456
4 53.393
6 41.429
8 30.153
10 30.233
12 28.906
14 24.061
16 27.540
18 26.775
20 25.440
22 26.409
24 114.685
2 97.745
4 52.018
6 44.521
8 45.033
10 30.677
12 25.542
14 29.860
16 32.946
18 31.101
20 32.199
22 28.786
24 30.407
2 88.916
4 57.363
6 43.628
8 25.151
10 29.095
12 28.640
14 27.688
16 30.873
18 34.216
20 39.668
22 31.576
24 48.924
2 89.285
4 56.059
6 44.565
8 30.106
10 30.170
12 22.376
14 24.546
16 26.486
18 30.638
20 35.892
22 30.452
24 31.173
2 99.831
4 62.902
6 37.870
8 28.844
10 24.460
12 20.524
14 24.142
16 25.421
18 28.704
20 27.200
22 22.264
24 45.392
