2 435.884
4 239.337
6 183.208
8 135.241
10 130.832
12 143.418
14 113.996
16 117.254
18 103.081
20 103.558
22 90.693
24 146.121
2 441.269
4 239.270
6 177.967
8 149.956
10 120.673
12 131.251
14 118.382
16 116.451
18 96.338
20 98.799
22 96.188
24 97.537
2 440.431
4 240.011
6 181.771
8 141.665
10 131.870
12 110.832
14 131.244
16 114.478
18 99.783
20 104.180
22 93.669
24 117.555
2 437.561
4 245.277
6 176.730
8 181.791
10 156.662
12 140.435
14 123.252
16 101.831
18 101.859
20 103.369
22 98.901
24 119.884
2 440.632
4 246.559
6 182.624
8 151.013
10 121.624
12 147.034
14 128.646
16 113.085
18 100.203
20 94.437
22 94.967
24 99.514
2 441.240
4 238.649
6 174.963
8 189.761
10 125.145
12 131.336
14 133.600
16 108.701
18 110.464
20 108.469
22 94.789
24 130.492
2 435.152
4 238.487
6 178.183
8 142.848
10 115.931
12 129.209
14 116.517
16 105.486
18 99.603
20 99.461
22 95.058
24 95.628
2 440.058
4 236.276
6 184.039
8 161.677
10 168.005
12 131.979
14 124.541
16 100.583
18 98.562
20 95.199
22 96.381
24 96.458
2 441.196
4 221.965
6 182.382
8 147.465
10 164.985
12 152.000
14 119.039
16 102.171
18 113.721
20 106.290
22 99.440
24 96.954
2 435.767
4 248.750
6 177.356
8 173.430
10 123.206
12 131.454
14 113.130
16 106.568
18 103.517
20 102.052
22 94.921
24 102.096
