2 750.906
4 757.320
6 736.187
8 719.846
10 732.095
12 725.720
14 745.831
16 720.552
18 741.273
20 743.443
22 741.116
24 744.291
2 748.704
4 732.728
6 744.566
8 745.224
10 720.417
12 747.715
14 734.901
16 739.959
18 739.305
20 745.904
22 748.275
24 740.671
2 731.120
4 720.683
6 725.961
8 738.042
10 719.362
12 744.711
14 744.696
16 744.592
18 732.342
20 747.281
22 739.564
24 742.514
2 745.133
4 722.707
6 732.306
8 721.232
10 726.293
12 727.850
14 725.638
16 723.427
18 721.972
20 724.284
22 721.852
24 723.954
2 723.906
4 719.324
6 720.023
8 722.967
10 724.805
12 720.748
14 719.284
16 719.883
18 720.067
20 720.625
22 719.756
24 719.145
2 719.623
4 719.718
6 725.503
8 720.770
10 729.266
12 720.478
14 723.704
16 721.147
18 723.730
20 721.522
22 723.725
24 720.373
2 724.172
4 720.305
6 721.931
8 719.524
10 721.622
12 725.526
14 724.828
16 726.569
18 730.448
20 719.684
22 729.977
24 719.712
2 719.645
4 724.580
6 719.475
8 719.380
10 722.789
12 725.552
14 722.448
16 726.067
18 719.882
20 721.254
22 723.728
24 721.347
2 719.185
4 719.576
6 719.379
8 720.866
10 719.415
12 722.106
14 720.688
16 719.602
18 721.041
20 721.628
22 767.989
24 719.380
2 723.720
4 723.145
6 724.273
8 726.379
10 719.268
12 720.971
14 722.812
16 719.383
18 721.255
20 723.750
22 720.084
24 722.862
