2 4.781
4 4.770
6 4.771
8 4.775
10 4.769
12 4.960
14 4.775
16 4.782
18 4.780
20 4.772
22 4.773
24 4.812
2 4.914
4 4.771
6 4.770
8 4.771
10 4.795
12 4.803
14 4.885
16 4.773
18 4.794
20 4.785
22 4.777
24 4.910
2 4.784
4 5.117
6 4.978
8 4.785
10 4.779
12 4.777
14 4.789
16 6.656
18 4.779
20 4.775
22 4.778
24 4.779
2 4.779
4 4.774
6 4.775
8 4.777
10 4.774
12 4.767
14 4.774
16 4.768
18 4.775
20 4.914
22 4.787
24 4.781
2 4.771
4 5.014
6 4.840
8 4.873
10 4.786
12 4.908
14 4.838
16 4.796
18 4.770
20 4.776
22 4.785
24 4.772
2 4.773
4 4.879
6 4.772
8 4.775
10 4.777
12 4.782
14 4.805
16 4.779
18 4.785
20 4.788
22 4.763
24 4.772
2 4.800
4 4.777
6 4.923
8 4.779
10 4.779
12 4.781
14 4.773
16 4.790
18 4.771
20 4.942
22 4.775
24 4.781
2 4.769
4 4.772
6 4.771
8 4.775
10 4.782
12 4.772
14 4.765
16 4.809
18 4.773
20 4.765
22 4.903
24 4.780
2 4.767
4 4.763
6 4.770
8 4.771
10 4.775
12 4.772
14 4.777
16 4.774
18 4.886
20 5.023
22 4.772
24 5.188
2 4.877
4 4.775
6 4.774
8 4.781
10 4.784
12 4.890
14 4.781
16 4.786
18 4.793
20 5.995
22 4.858
24 4.887
