2 192273.363
4 96329.058
6 64483.506
8 48294.534
10 39047.926
12 33249.956
14 39365.245
16 35999.912
18 30990.737
20 28124.541
22 26075.459
24 24289.738
2 191764.037
4 96144.428
6 64659.950
8 48166.644
10 39187.065
12 34245.574
14 39675.693
16 38538.273
18 30850.546
20 27896.438
22 25647.812
24 24460.659
2 192189.732
4 96180.109
6 64830.712
8 48172.974
10 39108.370
12 33484.116
14 39298.204
16 34462.975
18 30841.197
20 28963.736
22 25488.086
24 24536.641
2 192346.099
4 96028.266
6 64538.882
8 48206.439
10 39117.173
12 33217.394
14 39260.964
16 34440.116
18 30736.783
20 27769.974
22 25305.610
24 24104.972
2 192170.686
4 96073.236
6 64495.223
8 49195.788
10 39206.160
12 33275.930
14 39116.030
16 34600.377
18 30846.247
20 27886.522
22 25529.685
24 24514.000
2 191804.528
4 96407.654
6 64670.267
8 48317.580
10 38974.413
12 33605.918
14 39542.168
16 34661.415
18 30895.783
20 28067.524
22 25259.186
24 24614.221
2 192235.514
4 96337.178
6 64778.912
8 48158.321
10 39172.815
12 33264.306
14 39471.725
16 34712.674
18 30772.979
20 27591.648
22 25558.240
24 24956.232
2 191955.588
4 96061.345
6 64772.206
8 48259.975
10 39417.540
12 33446.932
14 39703.197
16 34530.146
18 30789.595
20 27978.884
22 25602.702
24 24143.412
2 191884.111
4 96089.781
6 64710.668
8 48173.851
10 39034.699
12 33246.454
14 39463.024
16 34436.894
18 30866.752
20 28060.256
22 25546.255
24 25950.418
2 191893.112
4 96141.055
6 64590.850
8 50127.836
10 39299.514
12 33296.383
14 39403.708
16 38306.322
18 30740.373
20 27910.998
22 25600.593
24 24438.165
