2 28481.241
4 14756.352
6 10121.122
8 7700.898
10 6375.857
12 5490.913
14 5265.516
16 5095.083
18 4913.010
20 4810.055
22 4648.555
24 4776.101
2 28280.619
4 14756.903
6 10128.462
8 7726.326
10 6364.613
12 5532.232
14 5272.081
16 5117.645
18 4951.910
20 4808.768
22 4657.604
24 4772.823
2 28304.381
4 14777.359
6 10121.169
8 7726.303
10 6341.473
12 5486.562
14 5271.272
16 5093.914
18 4960.948
20 4824.679
22 4621.253
24 4792.583
2 28299.643
4 14696.477
6 10128.224
8 7717.645
10 6510.339
12 5438.435
14 5276.240
16 5079.044
18 4951.080
20 4785.189
22 4662.227
24 4885.163
2 28356.429
4 14777.766
6 10297.530
8 7721.106
10 6521.031
12 5434.989
14 5259.060
16 5073.847
18 4959.142
20 4806.731
22 4689.137
24 4814.914
2 28257.428
4 14739.500
6 10145.787
8 7718.713
10 6342.153
12 5480.796
14 5263.435
16 5129.968
18 4923.496
20 4800.755
22 4627.911
24 4799.056
2 28305.725
4 14721.986
6 10135.979
8 7706.733
10 6324.267
12 5460.450
14 5281.607
16 5104.539
18 4947.659
20 4811.840
22 4682.923
24 4560.953
2 28174.048
4 14757.598
6 10129.068
8 7745.238
10 6336.284
12 5457.095
14 5267.161
16 5098.616
18 4948.413
20 4804.224
22 4682.230
24 4818.387
2 28386.059
4 14722.300
6 10125.219
8 7705.657
10 6351.076
12 5465.522
14 5258.000
16 5123.510
18 4918.507
20 4807.099
22 4680.642
24 4787.545
2 28217.935
4 14722.765
6 10141.262
8 7719.492
10 6353.951
12 5456.092
14 5286.714
16 5133.912
18 5025.033
20 4821.067
22 4620.555
24 4725.922
