2 76802.487
4 38587.228
6 25825.276
8 19419.485
10 15573.737
12 13106.810
14 12442.612
16 11815.601
18 11468.031
20 11049.959
22 10673.670
24 10593.991
2 76881.913
4 38627.597
6 25819.358
8 19470.254
10 15679.580
12 13100.775
14 12441.015
16 11894.891
18 11634.637
20 11244.494
22 10780.014
24 10712.867
2 76815.934
4 38583.557
6 25873.349
8 19400.799
10 15602.183
12 13076.939
14 12542.742
16 12047.901
18 11657.781
20 11152.433
22 10749.934
24 10737.875
2 76909.795
4 38554.967
6 25872.457
8 19462.196
10 15609.245
12 13118.939
14 12439.706
16 11843.729
18 11473.157
20 11359.909
22 10659.660
24 10702.049
2 76885.761
4 38546.746
6 25831.171
8 19385.956
10 15587.184
12 13082.748
14 12478.598
16 11907.938
18 11428.125
20 11323.579
22 10720.163
24 10980.348
2 76910.691
4 38577.069
6 25873.945
8 19401.029
10 15598.054
12 13219.117
14 12412.072
16 11998.326
18 11655.703
20 11194.021
22 10798.299
24 10914.028
2 76923.850
4 38634.426
6 25829.927
8 19395.250
10 15604.297
12 13085.535
14 12441.578
16 11847.670
18 11428.479
20 11107.466
22 10717.451
24 10734.778
2 76823.781
4 38546.708
6 25799.627
8 19403.945
10 15596.531
12 13128.220
14 12438.393
16 11862.374
18 11622.707
20 11102.836
22 10752.902
24 10613.854
2 76903.195
4 38574.511
6 25826.649
8 19405.804
10 15659.253
12 13073.804
14 12432.489
16 11937.465
18 11601.869
20 11113.196
22 10831.755
24 10740.547
2 76841.146
4 38548.697
6 25817.137
8 19468.579
10 15689.120
12 13129.841
14 12448.699
16 11875.530
18 11522.555
20 11106.910
22 10716.677
24 10989.927
