2 606.215
4 324.413
6 233.127
8 188.589
10 170.029
12 145.763
14 136.323
16 141.324
18 133.018
20 143.184
22 185.171
24 150.248
2 597.698
4 306.409
6 225.124
8 196.429
10 173.324
12 154.749
14 141.126
16 147.569
18 135.828
20 132.892
22 136.752
24 158.968
2 570.133
4 318.793
6 236.418
8 196.088
10 167.366
12 143.215
14 146.219
16 144.129
18 137.811
20 143.067
22 147.229
24 151.529
2 603.749
4 321.088
6 225.764
8 194.208
10 159.748
12 148.483
14 144.653
16 135.768
18 137.760
20 142.696
22 141.154
24 157.245
2 603.006
4 314.477
6 226.501
8 182.637
10 174.002
12 146.924
14 139.639
16 133.122
18 124.469
20 133.400
22 146.308
24 311.721
2 608.606
4 308.300
6 236.309
8 189.621
10 154.783
12 150.687
14 144.008
16 132.127
18 136.578
20 134.718
22 155.675
24 169.179
2 571.037
4 324.877
6 213.644
8 208.870
10 153.468
12 152.320
14 144.281
16 144.709
18 137.672
20 139.960
22 150.016
24 154.788
2 605.898
4 318.154
6 222.731
8 191.921
10 160.355
12 141.484
14 148.345
16 140.362
18 136.292
20 142.421
22 155.887
24 156.450
2 596.839
4 322.852
6 229.566
8 177.950
10 164.954
12 155.560
14 143.113
16 139.644
18 137.028
20 138.615
22 144.165
24 191.249
2 609.325
4 288.607
6 233.001
8 216.693
10 170.656
12 152.571
14 137.415
16 135.802
18 136.653
20 141.594
22 159.733
24 147.786
