2 956.794
4 956.937
6 963.732
8 974.153
10 970.961
12 970.891
14 959.576
16 957.918
18 955.983
20 958.622
22 948.934
24 962.283
2 953.601
4 955.712
6 952.088
8 964.587
10 1037.362
12 958.774
14 950.871
16 953.360
18 954.205
20 955.475
22 948.247
24 968.822
2 973.254
4 975.328
6 947.992
8 948.530
10 954.366
12 967.514
14 965.997
16 954.574
18 947.362
20 952.367
22 972.801
24 949.000
2 974.230
4 977.623
6 974.656
8 973.302
10 960.838
12 970.098
14 974.093
16 949.648
18 960.048
20 967.468
22 948.515
24 973.490
2 969.373
4 977.575
6 961.581
8 975.541
10 964.559
12 977.137
14 947.063
16 954.332
18 950.697
20 960.858
22 950.663
24 968.253
2 951.932
4 966.995
6 973.368
8 966.596
10 954.752
12 975.482
14 960.564
16 970.034
18 964.287
20 947.978
22 952.571
24 968.112
2 972.029
4 954.703
6 948.401
8 973.952
10 967.482
12 985.057
14 975.324
16 950.214
18 975.167
20 960.007
22 974.636
24 952.989
2 974.064
4 949.580
6 963.566
8 969.660
10 942.834
12 946.587
14 968.890
16 949.118
18 970.234
20 978.025
22 963.363
24 972.007
2 947.646
4 959.235
6 958.703
8 965.227
10 953.528
12 969.797
14 947.579
16 1013.907
18 948.668
20 951.184
22 947.492
24 962.864
2 973.178
4 972.078
6 954.582
8 964.930
10 953.843
12 964.260
14 948.001
16 955.016
18 975.307
20 947.703
22 960.557
24 962.084
