2 542.836
4 289.862
6 213.142
8 176.777
10 200.358
12 198.947
14 189.051
16 167.183
18 170.688
20 151.117
22 135.257
24 138.612
2 544.813
4 295.215
6 220.264
8 226.207
10 155.424
12 201.704
14 182.132
16 161.803
18 159.880
20 166.909
22 130.000
24 383.303
2 549.988
4 315.086
6 212.888
8 189.914
10 228.968
12 181.890
14 184.090
16 146.226
18 158.178
20 152.287
22 150.311
24 138.998
2 545.647
4 275.607
6 213.354
8 166.564
10 211.815
12 204.015
14 188.632
16 151.415
18 162.595
20 163.266
22 137.106
24 142.074
2 553.217
4 288.149
6 232.726
8 234.540
10 242.071
12 188.167
14 187.202
16 153.940
18 168.167
20 153.874
22 139.378
24 158.836
2 537.255
4 288.202
6 229.927
8 161.591
10 209.871
12 146.626
14 187.646
16 161.242
18 159.170
20 164.122
22 145.371
24 143.323
2 553.216
4 274.762
6 212.398
8 218.599
10 234.787
12 199.704
14 185.990
16 149.538
18 160.145
20 144.951
22 136.653
24 155.838
2 548.314
4 306.003
6 227.362
8 235.428
10 233.157
12 148.387
14 181.876
16 154.588
18 162.335
20 151.939
22 139.241
24 213.001
2 549.233
4 287.704
6 217.060
8 145.422
10 225.674
12 184.430
14 189.887
16 166.790
18 163.721
20 158.336
22 124.423
24 146.641
2 555.326
4 286.760
6 238.361
8 161.508
10 171.125
12 205.244
14 166.524
16 159.493
18 155.904
20 156.773
22 137.687
24 163.279
