2 586.138
4 319.065
6 275.064
8 226.217
10 214.881
12 208.505
14 215.347
16 220.168
18 212.909
20 218.329
22 270.946
24 279.403
2 592.515
4 331.340
6 251.528
8 238.688
10 216.588
12 207.694
14 206.354
16 204.516
18 213.739
20 223.057
22 234.077
24 255.550
2 585.604
4 339.731
6 247.904
8 231.616
10 210.470
12 216.762
14 216.753
16 218.804
18 216.654
20 224.023
22 238.047
24 279.323
2 585.744
4 353.845
6 260.104
8 241.788
10 205.087
12 205.331
14 220.986
16 216.017
18 215.349
20 212.554
22 224.643
24 298.209
2 589.425
4 336.916
6 260.955
8 228.720
10 213.127
12 212.253
14 215.496
16 208.916
18 215.636
20 208.348
22 229.479
24 238.639
2 593.734
4 312.791
6 242.572
8 240.278
10 210.610
12 202.819
14 212.772
16 220.533
18 209.247
20 237.867
22 259.788
24 299.690
2 591.389
4 366.669
6 250.654
8 237.064
10 216.297
12 200.327
14 208.716
16 208.476
18 214.878
20 218.076
22 224.895
24 272.396
2 589.910
4 360.323
6 228.392
8 232.806
10 209.394
12 209.951
14 214.486
16 215.303
18 209.213
20 219.327
22 232.182
24 240.747
2 593.079
4 356.612
6 278.141
8 215.270
10 217.745
12 211.715
14 214.219
16 215.013
18 208.876
20 223.158
22 228.628
24 264.427
2 586.137
4 348.728
6 265.514
8 241.102
10 225.984
12 206.521
14 202.267
16 214.144
18 209.326
20 241.830
22 239.097
24 270.221
