2 737.163
4 713.217
6 711.128
8 715.916
10 732.041
12 710.041
14 708.973
16 735.305
18 726.530
20 730.159
22 710.376
24 731.640
2 722.604
4 721.736
6 725.053
8 723.461
10 733.158
12 721.101
14 734.031
16 734.789
18 720.404
20 737.352
22 734.281
24 712.702
2 723.022
4 716.945
6 734.844
8 731.403
10 710.637
12 729.088
14 727.205
16 734.049
18 723.798
20 710.806
22 729.499
24 728.405
2 712.132
4 725.703
6 719.888
8 734.386
10 730.218
12 726.030
14 727.738
16 722.462
18 708.485
20 731.393
22 728.128
24 716.311
2 709.986
4 711.936
6 737.154
8 710.251
10 738.578
12 709.322
14 733.167
16 712.261
18 726.257
20 737.974
22 712.833
24 715.378
2 730.051
4 709.687
6 723.944
8 713.026
10 730.850
12 737.634
14 725.304
16 805.918
18 720.112
20 712.802
22 735.940
24 725.143
2 730.643
4 719.407
6 713.077
8 729.563
10 729.866
12 722.340
14 712.056
16 717.609
18 709.922
20 716.806
22 737.579
24 711.077
2 709.594
4 710.407
6 734.686
8 770.427
10 722.991
12 737.038
14 736.970
16 736.977
18 735.512
20 719.814
22 736.807
24 711.318
2 736.595
4 727.852
6 710.306
8 713.980
10 732.425
12 734.499
14 712.902
16 727.078
18 714.341
20 716.641
22 729.307
24 721.148
2 720.393
4 724.029
6 736.557
8 713.614
10 711.306
12 730.894
14 722.818
16 720.897
18 719.862
20 713.463
22 709.124
24 713.182
