2 516.650
4 304.709
6 237.589
8 182.105
10 186.499
12 187.613
14 190.186
16 188.575
18 203.821
20 196.637
22 212.974
24 296.998
2 525.286
4 303.521
6 238.781
8 191.994
10 200.169
12 198.116
14 190.399
16 191.630
18 195.246
20 195.637
22 272.700
24 283.683
2 525.566
4 289.256
6 226.834
8 209.830
10 199.357
12 198.990
14 193.929
16 193.232
18 198.723
20 190.695
22 267.996
24 513.243
2 537.761
4 316.476
6 250.509
8 200.158
10 188.588
12 193.475
14 192.133
16 197.098
18 191.871
20 201.025
22 194.256
24 234.567
2 519.689
4 291.135
6 209.457
8 198.322
10 192.156
12 204.507
14 191.488
16 190.951
18 197.800
20 209.729
22 223.283
24 257.856
2 530.175
4 320.169
6 245.823
8 201.872
10 203.887
12 184.022
14 194.313
16 197.714
18 206.299
20 202.460
22 270.921
24 276.364
2 524.787
4 297.949
6 234.001
8 220.770
10 199.509
12 196.059
14 201.845
16 202.173
18 196.869
20 191.628
22 262.120
24 272.875
2 521.363
4 321.533
6 251.033
8 204.667
10 195.492
12 193.030
14 191.534
16 189.054
18 198.401
20 199.347
22 264.545
24 278.015
2 519.622
4 317.453
6 233.365
8 198.977
10 196.371
12 190.435
14 198.748
16 189.504
18 207.656
20 225.710
22 253.859
24 269.834
2 526.355
4 316.359
6 251.632
8 219.511
10 211.042
12 197.502
14 194.809
16 196.532
18 201.880
20 200.927
22 255.701
24 295.649
