2 393.783
4 208.137
6 159.940
8 121.859
10 106.518
12 127.069
14 115.393
16 115.925
18 101.175
20 86.762
22 75.706
24 98.329
2 389.781
4 225.588
6 152.553
8 121.637
10 147.731
12 130.314
14 116.713
16 109.258
18 90.955
20 87.740
22 71.324
24 92.497
2 397.018
4 235.704
6 168.252
8 133.436
10 111.494
12 126.283
14 103.980
16 107.485
18 94.662
20 94.263
22 90.126
24 81.598
2 395.025
4 217.481
6 153.945
8 96.258
10 98.354
12 139.722
14 119.016
16 111.829
18 107.080
20 90.989
22 74.805
24 75.665
2 394.548
4 265.860
6 154.120
8 120.918
10 166.897
12 124.126
14 123.582
16 114.900
18 106.974
20 102.211
22 81.095
24 111.194
2 394.200
4 213.717
6 163.980
8 130.518
10 162.926
12 125.342
14 107.280
16 113.866
18 107.978
20 78.566
22 77.884
24 84.644
2 393.896
4 213.203
6 152.832
8 121.385
10 104.009
12 143.952
14 108.573
16 99.083
18 90.218
20 85.674
22 74.422
24 210.806
2 396.761
4 212.934
6 152.490
8 129.937
10 101.952
12 109.059
14 107.523
16 107.459
18 106.769
20 82.164
22 93.572
24 74.626
2 395.784
4 212.099
6 151.562
8 112.113
10 155.301
12 129.210
14 126.818
16 100.489
18 102.712
20 91.637
22 93.742
24 69.608
2 395.193
4 211.666
6 158.181
8 97.611
10 85.556
12 92.911
14 113.539
16 102.890
18 94.984
20 98.567
22 83.258
24 78.919
