2 740.175
4 732.425
6 731.167
8 738.860
10 728.622
12 749.726
14 754.713
16 748.964
18 733.854
20 753.389
22 754.750
24 754.774
2 750.502
4 733.212
6 728.356
8 738.323
10 732.974
12 750.188
14 728.331
16 737.967
18 740.142
20 805.002
22 732.625
24 755.150
2 755.863
4 745.749
6 756.767
8 748.861
10 741.789
12 752.939
14 754.862
16 748.404
18 734.181
20 730.966
22 728.331
24 746.136
2 739.974
4 728.533
6 753.547
8 757.898
10 753.104
12 748.633
14 753.021
16 748.258
18 728.329
20 728.633
22 730.653
24 743.192
2 749.576
4 747.768
6 728.380
8 749.221
10 754.265
12 743.119
14 754.854
16 754.280
18 748.257
20 743.605
22 741.383
24 748.004
2 753.196
4 752.411
6 728.349
8 748.085
10 751.994
12 743.744
14 728.163
16 741.958
18 754.705
20 741.112
22 731.940
24 732.458
2 728.897
4 728.413
6 753.880
8 751.531
10 728.425
12 743.554
14 742.895
16 735.616
18 740.022
20 753.238
22 729.901
24 745.745
2 753.231
4 745.465
6 728.338
8 755.932
10 733.063
12 755.079
14 730.549
16 746.514
18 734.744
20 742.600
22 728.657
24 745.357
2 739.048
4 753.089
6 754.566
8 752.537
10 754.806
12 754.961
14 735.191
16 728.397
18 754.971
20 735.041
22 749.705
24 737.102
2 738.210
4 754.216
6 731.054
8 728.973
10 744.458
12 753.928
14 750.800
16 782.873
18 755.027
20 734.473
22 732.781
24 741.970
