2 31.691
4 33.622
6 16.978
8 17.951
10 12.286
12 17.313
14 12.348
16 13.844
18 13.543
20 13.767
22 12.564
24 655.226
2 22.518
4 20.974
6 16.304
8 11.024
10 11.157
12 13.950
14 12.596
16 14.216
18 10.285
20 12.636
22 14.972
24 656.749
2 22.806
4 22.825
6 16.933
8 16.661
10 10.114
12 14.726
14 11.842
16 14.157
18 13.270
20 14.552
22 12.392
24 660.338
2 22.282
4 22.032
6 16.257
8 18.190
10 11.735
12 17.528
14 13.231
16 13.139
18 11.184
20 13.341
22 14.611
24 634.031
2 23.191
4 20.912
6 16.273
8 11.126
10 11.234
12 15.601
14 16.365
16 12.632
18 14.117
20 12.992
22 20.631
24 610.840
2 21.644
4 21.945
6 15.752
8 18.860
10 11.834
12 12.968
14 11.508
16 14.614
18 13.618
20 11.594
22 14.543
24 655.627
2 21.651
4 23.334
6 16.361
8 11.200
10 11.303
12 14.440
14 18.754
16 12.862
18 13.644
20 12.144
22 15.701
24 661.216
2 23.085
4 20.607
6 15.973
8 12.876
10 11.969
12 13.107
14 12.041
16 12.581
18 11.361
20 12.880
22 16.554
24 654.866
2 22.584
4 20.467
6 15.996
8 18.807
10 11.306
12 17.727
14 14.469
16 14.760
18 11.578
20 14.218
22 20.875
24 633.846
2 20.693
4 21.068
6 17.675
8 13.662
10 13.119
12 16.609
14 15.552
16 11.947
18 11.717
20 13.364
22 14.326
24 664.510
