2 27.532
4 19.859
6 15.354
8 16.191
10 17.060
12 18.742
14 19.343
16 21.633
18 20.362
20 30.702
22 24.746
24 670.736
2 33.175
4 16.342
6 16.523
8 15.026
10 18.611
12 20.925
14 18.485
16 26.260
18 25.642
20 25.672
22 28.145
24 653.498
2 25.975
4 19.198
6 13.379
8 17.613
10 19.565
12 24.049
14 21.549
16 19.629
18 24.877
20 24.682
22 25.205
24 661.974
2 28.338
4 22.367
6 19.054
8 17.860
10 20.311
12 19.594
14 18.626
16 20.702
18 26.637
20 28.715
22 24.301
24 692.136
2 27.940
4 16.584
6 17.304
8 12.644
10 17.736
12 22.436
14 20.257
16 21.581
18 28.048
20 28.522
22 28.223
24 669.489
2 40.516
4 19.468
6 20.104
8 16.856
10 19.837
12 21.954
14 21.808
16 22.641
18 22.548
20 26.182
22 28.671
24 489.675
2 25.117
4 18.891
6 16.633
8 16.251
10 16.892
12 18.239
14 20.520
16 19.574
18 21.523
20 23.853
22 22.800
24 707.122
2 26.253
4 19.663
6 16.548
8 16.612
10 16.470
12 19.673
14 25.410
16 21.825
18 22.695
20 24.302
22 25.713
24 669.099
2 27.433
4 16.174
6 16.854
8 17.655
10 17.014
12 19.241
14 20.522
16 19.552
18 21.624
20 28.314
22 40.274
24 687.537
2 26.895
4 18.962
6 18.224
8 19.297
10 16.949
12 15.017
14 19.908
16 19.461
18 22.696
20 29.726
22 22.919
24 724.123
