2 0.499
4 0.499
6 0.499
8 0.502
10 0.497
12 0.503
14 0.498
16 0.498
18 0.499
20 0.500
22 0.575
24 0.499
2 0.499
4 0.500
6 0.499
8 0.496
10 0.544
12 0.498
14 0.503
16 0.498
18 0.498
20 0.498
22 0.524
24 0.498
2 0.498
4 0.495
6 0.498
8 0.538
10 0.499
12 0.499
14 0.498
16 0.507
18 0.494
20 0.539
22 0.498
24 0.498
2 0.498
4 0.496
6 0.499
8 0.499
10 0.506
12 0.496
14 0.500
16 0.500
18 0.500
20 0.498
22 0.498
24 0.498
2 0.497
4 0.570
6 0.540
8 0.499
10 0.497
12 0.533
14 0.497
16 0.499
18 0.499
20 0.498
22 0.499
24 0.507
2 0.542
4 0.497
6 0.499
8 0.498
10 0.499
12 0.496
14 0.499
16 0.519
18 0.497
20 0.535
22 0.499
24 0.500
2 0.496
4 0.500
6 0.497
8 0.498
10 0.497
12 0.501
14 0.499
16 0.497
18 0.645
20 0.498
22 0.544
24 0.497
2 0.501
4 0.498
6 0.499
8 0.501
10 0.500
12 0.498
14 0.497
16 0.499
18 0.500
20 0.500
22 0.497
24 0.501
2 0.500
4 0.497
6 0.498
8 0.497
10 0.498
12 0.498
14 0.508
16 0.500
18 0.497
20 0.500
22 0.501
24 0.520
2 0.499
4 0.498
6 0.498
8 0.497
10 0.534
12 0.496
14 0.497
16 0.541
18 0.495
20 0.501
22 0.507
24 0.641
