2 43.174
4 22.005
6 14.874
8 11.424
10 16.499
12 14.019
14 14.824
16 15.620
18 12.844
20 12.101
22 8.929
24 673.086
2 41.892
4 21.828
6 14.960
8 20.290
10 9.375
12 14.211
14 12.510
16 11.415
18 12.501
20 13.106
22 12.099
24 667.409
2 43.907
4 23.686
6 15.043
8 13.125
10 10.649
12 14.182
14 12.312
16 11.634
18 10.259
20 13.018
22 14.644
24 668.699
2 43.967
4 24.076
6 32.521
8 18.443
10 17.252
12 15.899
14 12.804
16 11.762
18 11.142
20 9.745
22 22.880
24 676.046
2 44.223
4 24.113
6 16.610
8 12.580
10 16.496
12 14.210
14 12.512
16 11.679
18 10.866
20 11.162
22 11.510
24 666.549
2 43.136
4 23.172
6 15.128
8 22.202
10 9.396
12 14.735
14 12.726
16 13.330
18 10.062
20 9.532
22 11.579
24 671.965
2 42.661
4 21.309
6 14.487
8 12.402
10 9.707
12 14.182
14 12.430
16 11.179
18 10.600
20 13.360
22 10.282
24 669.651
2 42.637
4 22.199
6 27.194
8 19.359
10 16.584
12 14.275
14 12.763
16 11.154
18 13.213
20 19.366
22 10.333
24 671.491
2 63.576
4 37.150
6 14.667
8 13.590
10 18.566
12 14.309
14 12.227
16 11.857
18 10.328
20 9.580
22 9.326
24 670.050
2 44.384
4 22.613
6 24.368
8 18.723
10 18.006
12 16.372
14 16.197
16 13.377
18 10.234
20 9.506
22 28.064
24 673.936
