2 85.294
4 90.654
6 88.611
8 86.014
10 85.412
12 86.754
14 83.209
16 83.194
18 87.336
20 87.342
22 86.732
24 83.986
2 83.700
4 89.694
6 83.357
8 85.339
10 84.609
12 88.275
14 83.243
16 86.773
18 86.701
20 87.337
22 87.341
24 83.196
2 89.864
4 86.830
6 83.192
8 84.545
10 86.958
12 87.456
14 86.048
16 89.124
18 86.160
20 86.240
22 89.398
24 83.199
2 88.966
4 85.763
6 87.040
8 90.276
10 86.760
12 88.708
14 83.248
16 83.185
18 88.133
20 83.275
22 83.730
24 88.921
2 83.545
4 86.912
6 88.519
8 84.948
10 83.268
12 88.339
14 86.530
16 88.004
18 86.823
20 88.725
22 83.526
24 83.176
2 85.868
4 85.035
6 86.926
8 89.233
10 87.877
12 85.121
14 87.965
16 87.284
18 83.188
20 84.876
22 84.583
24 85.939
2 89.657
4 89.771
6 86.801
8 86.515
10 89.264
12 91.065
14 89.174
16 87.146
18 88.704
20 89.857
22 88.301
24 90.182
2 89.402
4 83.178
6 85.751
8 88.233
10 86.638
12 87.709
14 87.106
16 87.985
18 87.622
20 88.577
22 85.470
24 89.050
2 88.116
4 90.798
6 86.484
8 83.517
10 85.681
12 83.644
14 87.610
16 89.195
18 90.200
20 83.195
22 84.422
24 86.883
2 83.215
4 89.664
6 86.877
8 83.594
10 86.088
12 87.969
14 85.499
16 89.269
18 88.028
20 86.156
22 83.201
24 88.501
