2 48.621
4 44.419
6 44.401
8 51.343
10 44.364
12 44.393
14 51.106
16 49.349
18 51.017
20 44.385
22 54.641
24 44.404
2 47.522
4 44.409
6 44.304
8 44.434
10 44.409
12 44.405
14 44.435
16 44.393
18 51.275
20 65.790
22 50.973
24 44.432
2 44.414
4 44.421
6 63.239
8 44.405
10 66.135
12 48.077
14 47.491
16 44.428
18 44.429
20 44.314
22 44.347
24 44.408
2 44.355
4 44.309
6 44.393
8 44.410
10 44.382
12 44.426
14 48.277
16 44.435
18 44.440
20 47.293
22 44.449
24 44.419
2 48.457
4 44.398
6 44.643
8 45.603
10 44.314
12 44.342
14 44.422
16 44.429
18 44.348
20 49.962
22 45.469
24 44.312
2 48.191
4 44.282
6 50.412
8 52.760
10 44.460
12 52.712
14 46.026
16 44.320
18 49.162
20 45.318
22 44.366
24 44.432
2 44.399
4 44.408
6 46.189
8 44.432
10 44.421
12 44.494
14 44.436
16 44.354
18 44.435
20 48.528
22 44.397
24 45.233
2 44.512
4 46.304
6 49.036
8 45.582
10 48.464
12 45.136
14 44.423
16 45.563
18 47.400
20 49.086
22 44.427
24 44.407
2 46.856
4 47.874
6 45.614
8 46.263
10 48.854
12 64.219
14 48.321
16 44.546
18 44.313
20 44.420
22 48.889
24 49.247
2 44.908
4 44.370
6 45.827
8 47.784
10 46.701
12 44.431
14 44.593
16 44.312
18 45.084
20 45.060
22 48.415
24 48.138
