2 71.264
4 75.045
6 70.674
8 76.499
10 74.198
12 77.184
14 71.059
16 70.658
18 70.915
20 77.841
22 73.915
24 76.515
2 71.801
4 72.925
6 71.417
8 75.602
10 78.151
12 70.913
14 70.810
16 70.644
18 70.781
20 75.423
22 71.458
24 70.793
2 79.600
4 74.490
6 70.542
8 70.779
10 74.926
12 73.467
14 77.956
16 71.251
18 72.235
20 76.026
22 71.558
24 73.846
2 74.295
4 71.733
6 75.657
8 74.413
10 83.929
12 73.264
14 74.586
16 70.940
18 71.275
20 73.448
22 91.931
24 70.778
2 70.957
4 73.862
6 74.050
8 76.590
10 74.728
12 73.356
14 76.268
16 72.840
18 70.812
20 70.729
22 71.769
24 77.598
2 71.063
4 74.690
6 73.311
8 70.732
10 71.551
12 72.656
14 74.479
16 77.401
18 70.779
20 74.739
22 77.023
24 73.501
2 74.239
4 70.567
6 72.741
8 74.316
10 71.266
12 71.188
14 70.727
16 75.912
18 73.553
20 70.573
22 77.804
24 71.350
2 73.228
4 74.618
6 74.873
8 75.147
10 73.316
12 74.482
14 77.511
16 72.213
18 72.360
20 74.845
22 74.169
24 94.243
2 74.600
4 75.051
6 71.295
8 71.936
10 72.164
12 75.440
14 72.921
16 74.827
18 74.887
20 75.081
22 72.872
24 71.019
2 75.097
4 73.874
6 74.347
8 70.714
10 75.208
12 70.813
14 74.668
16 83.219
18 71.660
20 74.378
22 76.132
24 74.265
