2 45.535
4 26.869
6 32.004
8 20.388
10 18.362
12 21.606
14 21.168
16 20.008
18 18.875
20 18.477
22 41.458
24 673.121
2 46.788
4 31.649
6 24.761
8 26.617
10 24.087
12 23.085
14 20.784
16 20.545
18 18.591
20 17.624
22 20.679
24 678.348
2 48.141
4 25.809
6 19.213
8 26.915
10 18.475
12 23.037
14 19.633
16 19.420
18 19.181
20 18.250
22 36.651
24 679.320
2 46.073
4 31.943
6 23.838
8 27.004
10 23.529
12 21.832
14 20.655
16 19.692
18 18.700
20 18.439
22 19.718
24 671.045
2 50.900
4 25.616
6 23.846
8 27.340
10 19.517
12 21.307
14 22.185
16 19.171
18 19.321
20 17.809
22 19.839
24 679.416
2 48.881
4 24.112
6 23.787
8 20.400
10 23.890
12 21.669
14 19.361
16 19.485
18 19.709
20 18.757
22 17.225
24 675.505
2 46.555
4 24.501
6 24.091
8 27.097
10 25.093
12 20.881
14 19.491
16 19.137
18 19.522
20 17.915
22 20.230
24 678.436
2 47.326
4 43.455
6 23.397
8 27.236
10 22.899
12 22.622
14 20.238
16 19.790
18 21.955
20 21.003
22 26.124
24 683.080
2 48.177
4 25.147
6 24.479
8 20.901
10 18.622
12 22.913
14 20.795
16 23.300
18 21.763
20 20.087
22 17.869
24 679.561
2 71.991
4 32.410
6 31.002
8 21.512
10 25.324
12 22.064
14 21.595
16 20.576
18 18.793
20 30.480
22 20.025
24 674.026
