2 45.303
4 24.574
6 23.576
8 20.709
10 20.375
12 19.639
14 19.535
16 19.286
18 23.202
20 22.501
22 23.581
24 687.559
2 47.675
4 29.385
6 22.359
8 19.300
10 21.232
12 18.944
14 21.997
16 19.231
18 21.939
20 20.099
22 22.824
24 731.840
2 47.092
4 29.665
6 24.936
8 19.981
10 19.185
12 19.472
14 19.208
16 22.219
18 20.368
20 23.590
22 28.580
24 670.820
2 47.336
4 26.640
6 22.903
8 20.601
10 20.514
12 20.303
14 23.955
16 20.578
18 21.993
20 22.471
22 23.786
24 651.660
2 46.900
4 24.859
6 22.467
8 19.517
10 19.877
12 18.769
14 19.137
16 20.465
18 20.002
20 20.133
22 23.266
24 746.230
2 47.729
4 26.698
6 21.060
8 20.484
10 19.806
12 19.400
14 19.463
16 20.025
18 20.977
20 21.494
22 35.791
24 677.465
2 45.489
4 28.857
6 22.067
8 20.247
10 18.471
12 18.883
14 19.831
16 20.272
18 23.073
20 23.155
22 22.634
24 668.712
2 47.138
4 27.237
6 25.427
8 20.106
10 20.425
12 18.764
14 19.652
16 19.778
18 23.171
20 19.996
22 21.216
24 651.278
2 45.794
4 25.287
6 22.790
8 20.151
10 21.209
12 20.611
14 19.132
16 21.174
18 22.917
20 20.209
22 29.843
24 663.525
2 46.445
4 25.763
6 21.465
8 19.768
10 20.120
12 19.000
14 19.205
16 22.344
18 21.573
20 23.252
22 40.901
24 669.044
