2 750.810
4 417.693
6 307.043
8 265.173
10 251.212
12 250.293
14 260.095
16 267.530
18 263.847
20 268.453
22 263.261
24 976.028
2 754.166
4 418.987
6 315.852
8 257.780
10 250.431
12 256.716
14 280.416
16 266.341
18 267.623
20 263.315
22 252.823
24 951.824
2 752.603
4 394.855
6 304.751
8 259.349
10 241.258
12 254.606
14 256.992
16 258.564
18 258.045
20 258.326
22 260.806
24 967.967
2 732.379
4 393.442
6 277.539
8 258.620
10 239.658
12 248.275
14 259.330
16 266.160
18 255.848
20 251.267
22 270.412
24 917.470
2 736.167
4 404.729
6 300.624
8 268.515
10 258.617
12 242.870
14 259.036
16 259.333
18 273.481
20 256.212
22 270.800
24 993.691
2 733.382
4 403.577
6 299.921
8 255.238
10 237.008
12 247.813
14 259.778
16 262.229
18 261.633
20 266.101
22 256.457
24 897.391
2 730.631
4 395.893
6 306.789
8 256.853
10 250.251
12 240.814
14 264.502
16 270.103
18 278.570
20 263.439
22 260.166
24 949.567
2 731.407
4 402.456
6 274.614
8 262.537
10 245.244
12 260.719
14 260.249
16 260.631
18 256.024
20 259.106
22 268.666
24 984.763
2 733.136
4 406.235
6 307.611
8 267.715
10 244.497
12 250.173
14 258.596
16 265.874
18 272.702
20 259.932
22 266.237
24 959.373
2 756.098
4 416.227
6 312.186
8 259.035
10 260.300
12 251.395
14 279.296
16 266.842
18 273.604
20 263.444
22 258.802
24 927.650
