2 39.908
4 79.236
6 122.396
8 134.069
10 177.358
12 200.801
14 257.928
16 357.600
18 361.762
20 271.596
22 272.976
24 1028.202
2 39.479
4 41.094
6 133.854
8 135.447
10 207.064
12 199.381
14 264.015
16 353.583
18 365.301
20 275.455
22 278.234
24 941.672
2 39.153
4 36.422
6 57.947
8 171.036
10 171.385
12 218.034
14 297.847
16 266.119
18 278.817
20 273.143
22 291.646
24 938.786
2 64.933
4 85.035
6 138.386
8 177.204
10 184.440
12 207.651
14 253.702
16 276.839
18 272.469
20 282.624
22 277.858
24 933.967
2 66.340
4 86.004
6 146.083
8 184.060
10 183.978
12 212.066
14 251.504
16 264.053
18 324.020
20 274.662
22 273.371
24 898.093
2 65.006
4 84.862
6 137.712
8 171.847
10 189.654
12 219.268
14 257.349
16 261.225
18 273.667
20 283.181
22 368.040
24 984.048
2 64.342
4 83.298
6 134.398
8 162.612
10 183.087
12 217.389
14 248.979
16 304.114
18 267.300
20 276.290
22 277.286
24 965.178
2 53.088
4 77.343
6 133.447
8 174.623
10 176.266
12 209.205
14 320.516
16 263.765
18 277.834
20 274.765
22 280.461
24 932.247
2 51.164
4 78.494
6 146.451
8 145.644
10 204.801
12 208.681
14 268.035
16 272.874
18 271.138
20 273.478
22 286.429
24 969.641
2 48.234
4 78.445
6 124.703
8 145.168
10 175.189
12 212.461
14 266.920
16 271.556
18 273.416
20 280.196
22 282.373
24 1048.396
