2 6.069
4 6.071
6 6.219
8 6.077
10 6.103
12 6.070
14 6.077
16 6.083
18 6.082
20 6.070
22 6.068
24 6.063
2 6.073
4 6.079
6 6.073
8 6.072
10 6.634
12 6.409
14 6.067
16 6.080
18 6.066
20 6.071
22 6.072
24 6.456
2 6.068
4 6.253
6 6.062
8 6.432
10 6.240
12 6.322
14 6.116
16 6.108
18 6.121
20 6.279
22 6.084
24 6.127
2 6.123
4 6.074
6 6.128
8 6.077
10 6.080
12 6.393
14 6.076
16 6.078
18 6.318
20 6.409
22 6.116
24 6.247
2 6.063
4 6.237
6 6.079
8 6.964
10 6.222
12 6.075
14 6.075
16 6.062
18 6.067
20 6.062
22 6.072
24 6.061
2 6.070
4 6.070
6 6.070
8 6.061
10 6.063
12 6.067
14 6.067
16 6.296
18 6.075
20 6.819
22 6.069
24 6.073
2 6.788
4 6.062
6 6.063
8 6.369
10 6.106
12 6.079
14 6.060
16 6.578
18 6.071
20 6.062
22 6.073
24 6.077
2 6.066
4 6.070
6 6.073
8 6.067
10 6.075
12 7.203
14 6.068
16 6.072
18 6.260
20 6.050
22 6.072
24 6.049
2 6.269
4 6.386
6 6.219
8 6.058
10 6.059
12 6.056
14 6.226
16 6.266
18 6.234
20 6.080
22 6.081
24 6.062
2 6.066
4 6.065
6 6.266
8 6.066
10 7.371
12 6.222
14 6.059
16 6.075
18 6.212
20 6.061
22 6.069
24 6.218
