2 65.408
4 67.249
6 68.175
8 71.461
10 64.808
12 66.892
14 65.260
16 65.964
18 66.217
20 65.530
22 68.350
24 67.039
2 71.196
4 68.465
6 68.912
8 66.784
10 64.576
12 68.975
14 67.401
16 66.860
18 66.298
20 70.285
22 69.201
24 68.046
2 69.451
4 65.125
6 64.738
8 71.857
10 65.296
12 77.152
14 66.163
16 64.720
18 65.665
20 65.038
22 64.586
24 65.876
2 66.685
4 64.716
6 65.885
8 64.753
10 68.412
12 67.489
14 64.462
16 66.958
18 69.148
20 68.398
22 64.641
24 65.229
2 65.043
4 67.101
6 67.614
8 64.632
10 66.149
12 66.957
14 64.866
16 66.242
18 70.944
20 64.977
22 64.584
24 67.297
2 66.968
4 67.116
6 64.909
8 64.561
10 67.623
12 64.859
14 66.847
16 65.065
18 64.861
20 64.945
22 67.378
24 68.318
2 65.729
4 64.578
6 72.176
8 66.429
10 64.918
12 68.323
14 68.997
16 68.651
18 64.714
20 64.962
22 64.630
24 64.837
2 64.834
4 66.689
6 68.945
8 64.516
10 69.634
12 67.322
14 65.068
16 67.606
18 72.271
20 67.243
22 67.882
24 69.298
2 67.011
4 64.981
6 65.443
8 64.913
10 65.673
12 66.485
14 68.289
16 66.652
18 64.393
20 64.542
22 65.379
24 65.107
2 67.408
4 67.241
6 68.875
8 66.622
10 65.890
12 68.829
14 64.797
16 68.627
18 68.563
20 65.129
22 67.778
24 69.145
