2 1477.498
4 1494.779
6 1497.474
8 1491.877
10 1492.055
12 1492.479
14 1488.570
16 1489.768
18 1492.808
20 1487.014
22 1488.749
24 1496.706
2 1481.901
4 1488.166
6 1484.419
8 1486.492
10 1473.814
12 1496.028
14 1491.074
16 1490.171
18 1490.433
20 1492.433
22 1495.073
24 1476.310
2 1480.384
4 1485.653
6 1495.937
8 1493.143
10 1484.433
12 1473.498
14 1488.893
16 1497.214
18 1478.545
20 1489.036
22 1530.921
24 1481.060
2 1492.658
4 1491.245
6 1490.129
8 1479.960
10 1507.244
12 1496.277
14 1473.685
16 1494.037
18 1491.554
20 1474.838
22 1490.469
24 1491.516
2 1496.912
4 1493.000
6 1488.214
8 1491.658
10 1489.672
12 1487.821
14 1538.123
16 1495.727
18 1492.066
20 1493.896
22 1491.803
24 1490.151
2 1491.544
4 1488.502
6 1483.188
8 1494.315
10 1491.649
12 1479.127
14 1495.360
16 1501.315
18 1484.907
20 1498.216
22 1487.164
24 1477.691
2 1472.386
4 1493.960
6 1488.339
8 1487.921
10 1488.764
12 1488.581
14 1490.649
16 1480.124
18 1483.499
20 1490.870
22 1490.143
24 1494.581
2 1492.536
4 1489.762
6 1481.468
8 1480.130
10 1479.708
12 1493.112
14 1488.745
16 1490.613
18 1484.505
20 1488.181
22 1489.291
24 1522.350
2 1480.392
4 1492.034
6 1514.120
8 1488.663
10 1492.386
12 1510.487
14 1475.020
16 1480.570
18 1493.086
20 1485.076
22 1491.602
24 1474.006
2 1487.576
4 1489.561
6 1492.416
8 1490.875
10 1478.685
12 1489.814
14 1490.391
16 1546.818
18 1491.066
20 1491.304
22 1497.887
24 1490.758
