2 42.120
4 29.103
6 33.558
8 25.383
10 33.236
12 36.954
14 33.677
16 45.528
18 29.627
20 43.188
22 37.806
24 647.467
2 32.369
4 38.471
6 55.254
8 25.020
10 24.797
12 35.128
14 42.122
16 47.615
18 28.573
20 34.928
22 29.255
24 661.020
2 47.604
4 29.227
6 35.442
8 24.835
10 34.664
12 36.981
14 35.962
16 50.614
18 32.808
20 29.048
22 38.371
24 651.455
2 45.133
4 29.073
6 25.601
8 24.979
10 25.009
12 35.128
14 57.225
16 51.567
18 34.314
20 32.463
22 31.048
24 664.030
2 47.323
4 29.140
6 38.049
8 47.758
10 31.431
12 36.661
14 52.158
16 47.525
18 33.046
20 42.316
22 36.377
24 649.789
2 47.631
4 39.035
6 25.682
8 25.077
10 37.552
12 24.438
14 35.586
16 35.073
18 27.941
20 38.818
22 41.925
24 659.446
2 46.713
4 29.107
6 38.551
8 28.627
10 32.898
12 36.773
14 36.612
16 50.005
18 28.246
20 44.584
22 40.424
24 642.116
2 46.927
4 29.114
6 26.515
8 32.121
10 24.872
12 33.010
14 36.977
16 45.728
18 38.124
20 28.193
22 36.898
24 633.516
2 57.154
4 38.363
6 33.465
8 24.604
10 39.246
12 44.771
14 52.314
16 36.155
18 40.535
20 30.475
22 42.374
24 660.048
2 47.325
4 29.002
6 24.998
8 25.463
10 36.911
12 45.821
14 37.069
16 46.886
18 40.220
20 33.385
22 38.739
24 656.374
