2 743.342
4 373.310
6 248.924
8 187.229
10 149.893
12 212.982
14 183.168
16 161.363
18 141.947
20 128.079
22 118.711
24 817.962
2 743.888
4 378.656
6 248.834
8 207.732
10 165.427
12 212.487
14 182.558
16 170.585
18 144.439
20 135.979
22 124.449
24 820.178
2 771.215
4 398.656
6 275.000
8 218.500
10 166.355
12 210.403
14 202.298
16 173.179
18 149.702
20 134.640
22 124.346
24 829.419
2 769.740
4 372.700
6 249.681
8 242.067
10 231.725
12 210.256
14 186.219
16 159.798
18 141.613
20 130.940
22 128.347
24 821.911
2 743.324
4 373.673
6 248.541
8 190.961
10 150.179
12 210.464
14 181.304
16 159.636
18 143.236
20 130.953
22 117.584
24 819.690
2 755.497
4 372.582
6 251.134
8 223.620
10 150.895
12 210.470
14 181.612
16 160.125
18 143.262
20 130.355
22 124.666
24 831.175
2 745.414
4 389.215
6 274.673
8 226.703
10 186.490
12 210.718
14 194.193
16 160.566
18 154.915
20 129.530
22 120.472
24 809.572
2 744.396
4 373.091
6 265.387
8 266.742
10 161.124
12 225.112
14 181.814
16 162.372
18 142.987
20 129.680
22 118.173
24 817.601
2 770.664
4 401.056
6 248.849
8 197.019
10 150.465
12 210.022
14 180.818
16 161.803
18 146.753
20 130.179
22 119.622
24 806.294
2 744.151
4 372.626
6 249.383
8 202.291
10 150.698
12 210.164
14 181.592
16 159.335
18 141.632
20 130.476
22 118.934
24 820.185
