2 748.761
4 409.162
6 283.034
8 238.882
10 207.672
12 241.589
14 232.929
16 202.516
18 181.447
20 165.029
22 155.345
24 854.299
2 794.355
4 432.287
6 306.459
8 248.034
10 208.640
12 246.939
14 237.770
16 206.144
18 181.031
20 167.575
22 153.548
24 856.883
2 793.849
4 429.358
6 305.238
8 245.498
10 208.224
12 250.691
14 221.754
16 192.864
18 179.316
20 170.714
22 179.227
24 849.426
2 754.050
4 406.563
6 302.329
8 222.691
10 240.587
12 246.043
14 217.658
16 195.603
18 178.432
20 164.927
22 157.120
24 855.961
2 759.046
4 401.398
6 283.905
8 222.740
10 250.536
12 242.990
14 217.685
16 198.475
18 181.820
20 164.646
22 164.730
24 844.177
2 778.504
4 428.335
6 305.440
8 227.096
10 216.989
12 257.887
14 225.980
16 200.869
18 178.039
20 168.503
22 178.377
24 854.527
2 794.323
4 428.455
6 296.548
8 243.882
10 204.949
12 247.143
14 222.045
16 196.854
18 186.960
20 164.971
22 155.544
24 855.163
2 761.490
4 415.824
6 302.077
8 238.555
10 186.337
12 252.386
14 217.130
16 198.238
18 180.849
20 178.110
22 154.432
24 845.131
2 753.795
4 412.959
6 305.735
8 241.103
10 205.076
12 244.232
14 218.380
16 196.428
18 189.093
20 171.280
22 159.362
24 863.382
2 794.435
4 421.124
6 311.713
8 263.439
10 207.823
12 250.700
14 234.656
16 215.184
18 198.125
20 170.506
22 154.320
24 855.018
