2 1509.959
4 1507.106
6 1508.382
8 1514.434
10 1504.344
12 1505.762
14 1507.598
16 1505.498
18 1505.434
20 1507.538
22 1504.666
24 1505.655
2 1505.024
4 1504.715
6 1504.240
8 1504.300
10 1507.043
12 1509.201
14 1504.245
16 1506.933
18 1508.468
20 1505.363
22 1505.552
24 1509.184
2 1504.205
4 1505.708
6 1510.248
8 1506.992
10 1504.873
12 1552.131
14 1508.040
16 1506.794
18 1507.895
20 1504.232
22 1504.975
24 1532.030
2 1507.217
4 1505.765
6 1508.954
8 1505.606
10 1504.551
12 1504.309
14 1507.087
16 1504.304
18 1504.259
20 1504.988
22 1517.183
24 1505.358
2 1504.273
4 1507.459
6 1504.268
8 1507.536
10 1507.793
12 1504.539
14 1509.388
16 1507.350
18 1504.351
20 1505.689
22 1507.519
24 1504.861
2 1508.796
4 1507.740
6 1510.015
8 1506.536
10 1504.465
12 1506.434
14 1505.607
16 1504.438
18 1504.449
20 1507.409
22 1504.381
24 1509.239
2 1510.233
4 1504.235
6 1509.019
8 1546.150
10 1504.625
12 1504.388
14 1511.144
16 1504.425
18 1507.013
20 1520.828
22 1504.793
24 1507.231
2 1509.089
4 1504.545
6 1507.976
8 1508.455
10 1504.680
12 1507.366
14 1544.465
16 1504.382
18 1511.859
20 1504.536
22 1504.481
24 1524.096
2 1504.429
4 1504.580
6 1509.132
8 1507.889
10 1504.240
12 1509.767
14 1509.779
16 1504.738
18 1509.784
20 1508.239
22 1504.875
24 1510.485
2 1506.857
4 1504.705
6 1510.977
8 1507.933
10 1504.708
12 1510.063
14 1507.918
16 1504.560
18 1504.644
20 1504.534
22 1507.954
24 1504.678
