2 7704.527
4 3858.190
6 2599.486
8 1985.248
10 1581.006
12 1329.717
14 1263.614
16 1205.459
18 1191.973
20 1161.032
22 1100.639
24 1048.493
2 7701.251
4 3871.295
6 2591.731
8 1989.780
10 1606.633
12 1360.812
14 1249.442
16 1204.302
18 1150.956
20 1122.023
22 1091.540
24 1258.862
2 7703.235
4 3876.609
6 2592.570
8 1960.030
10 1561.834
12 1345.032
14 1246.879
16 1187.450
18 1197.085
20 1132.265
22 1060.095
24 1036.034
2 7697.588
4 3880.578
6 2593.464
8 1953.707
10 1634.099
12 1395.629
14 1244.649
16 1198.544
18 1153.563
20 1116.333
22 1084.065
24 1039.650
2 7763.625
4 3885.287
6 2605.184
8 1963.174
10 1573.162
12 1325.909
14 1255.413
16 1193.696
18 1171.864
20 1136.198
22 1104.478
24 1031.891
2 7704.036
4 3870.118
6 2594.958
8 1978.648
10 1585.436
12 1377.029
14 1244.132
16 1188.650
18 1156.586
20 1142.686
22 1082.216
24 1273.204
2 7719.266
4 3878.638
6 2614.007
8 1992.860
10 1559.703
12 1421.244
14 1269.750
16 1197.525
18 1162.639
20 1145.216
22 1082.646
24 1054.503
2 7704.782
4 3869.627
6 2580.461
8 1949.240
10 1586.769
12 1332.647
14 1256.007
16 1193.288
18 1157.855
20 1142.816
22 1062.163
24 1035.760
2 7728.832
4 3878.355
6 2579.929
8 1953.966
10 1556.295
12 1316.095
14 1261.890
16 1205.949
18 1145.678
20 1109.859
22 1085.789
24 1044.674
2 7700.597
4 3873.195
6 2591.651
8 1994.217
10 1561.545
12 1321.314
14 1311.753
16 1193.348
18 1165.707
20 1123.604
22 1091.789
24 1296.353
