2 1299.146
4 675.239
6 510.218
8 390.097
10 320.933
12 282.091
14 274.657
16 272.114
18 259.512
20 249.970
22 247.659
24 275.370
2 1292.641
4 738.939
6 482.880
8 411.442
10 323.168
12 342.159
14 272.400
16 302.197
18 257.028
20 254.630
22 243.666
24 253.096
2 1298.647
4 691.591
6 483.573
8 367.874
10 323.336
12 288.398
14 280.307
16 272.726
18 258.755
20 255.960
22 274.081
24 257.244
2 1326.721
4 689.093
6 478.509
8 382.784
10 339.598
12 307.268
14 303.928
16 260.911
18 253.032
20 252.524
22 247.753
24 247.061
2 1226.386
4 692.624
6 492.221
8 387.696
10 334.271
12 298.332
14 308.734
16 269.396
18 259.558
20 256.813
22 242.152
24 251.909
2 1305.391
4 681.856
6 482.558
8 376.533
10 321.493
12 298.008
14 279.937
16 265.772
18 255.573
20 255.358
22 252.392
24 275.387
2 1284.681
4 691.193
6 476.561
8 391.886
10 324.818
12 326.689
14 273.214
16 269.955
18 258.943
20 254.682
22 247.294
24 254.271
2 1293.638
4 699.877
6 488.147
8 384.254
10 327.226
12 304.968
14 278.553
16 273.652
18 257.960
20 251.057
22 256.266
24 252.590
2 1273.868
4 687.065
6 480.061
8 380.329
10 333.988
12 291.717
14 290.211
16 263.014
18 252.227
20 243.564
22 247.359
24 280.298
2 1298.609
4 689.011
6 459.803
8 367.419
10 337.982
12 309.481
14 279.450
16 292.589
18 256.637
20 270.701
22 249.054
24 253.101
