2 19262.130
4 9649.090
6 6451.021
8 4842.680
10 3948.839
12 3372.667
14 3966.529
16 3467.979
18 3096.351
20 2830.388
22 2580.691
24 2370.213
2 19264.936
4 9627.165
6 6473.307
8 4832.857
10 3948.008
12 3428.769
14 3951.837
16 3443.978
18 3112.138
20 2818.622
22 2587.794
24 2595.972
2 19225.964
4 9627.615
6 6521.414
8 4856.778
10 3941.199
12 3496.158
14 3930.958
16 3803.036
18 3080.083
20 2798.565
22 2555.937
24 2392.839
2 19236.666
4 9626.434
6 6466.553
8 4847.650
10 3963.671
12 3576.620
14 3949.652
16 3440.856
18 3081.411
20 2835.436
22 2561.818
24 2629.921
2 19217.572
4 9618.891
6 6467.118
8 4860.576
10 4004.804
12 3306.847
14 4042.248
16 3447.440
18 3093.030
20 2778.453
22 2660.109
24 2374.318
2 19193.082
4 9630.169
6 6483.621
8 4849.455
10 3941.116
12 3647.964
14 3938.845
16 3544.873
18 3175.386
20 2827.281
22 2554.519
24 2602.499
2 19260.923
4 9618.108
6 6488.987
8 4836.394
10 3984.100
12 3365.086
14 3973.777
16 3462.367
18 3081.964
20 2779.318
22 2567.149
24 2377.435
2 19305.927
4 9629.008
6 6475.419
8 4879.264
10 3966.067
12 3388.720
14 3951.509
16 3460.671
18 3097.176
20 2799.198
22 2542.637
24 2567.552
2 19192.302
4 9659.984
6 6469.195
8 4848.694
10 3943.330
12 3276.124
14 3969.799
16 3462.395
18 3115.740
20 2881.921
22 2562.341
24 2369.593
2 19188.326
4 9616.767
6 6506.593
8 4874.695
10 3944.227
12 3397.074
14 3958.218
16 3442.573
18 3120.447
20 2823.411
22 2561.873
24 2360.387
