2 0.502
4 0.500
6 0.499
8 0.499
10 0.497
12 0.497
14 0.496
16 0.498
18 0.500
20 0.500
22 0.501
24 0.499
2 0.498
4 0.501
6 0.502
8 0.506
10 0.503
12 0.509
14 0.497
16 0.501
18 0.498
20 0.496
22 0.501
24 0.500
2 0.499
4 0.500
6 0.500
8 0.496
10 0.649
12 0.520
14 0.497
16 0.498
18 0.497
20 0.499
22 0.499
24 0.498
2 0.498
4 0.501
6 0.501
8 0.499
10 0.498
12 0.496
14 0.498
16 0.496
18 0.498
20 0.499
22 0.498
24 0.605
2 0.509
4 0.500
6 0.498
8 0.499
10 0.501
12 0.549
14 0.500
16 0.501
18 0.498
20 0.499
22 0.500
24 0.499
2 0.499
4 0.500
6 0.499
8 0.499
10 0.499
12 0.497
14 0.499
16 0.497
18 0.498
20 0.527
22 0.499
24 0.500
2 0.497
4 0.498
6 0.507
8 0.499
10 0.498
12 0.497
14 0.496
16 0.498
18 0.502
20 0.503
22 0.499
24 0.501
2 0.497
4 0.497
6 0.498
8 0.499
10 0.499
12 0.499
14 0.500
16 0.498
18 0.501
20 0.500
22 0.548
24 0.499
2 0.499
4 0.499
6 0.501
8 0.500
10 0.499
12 0.499
14 0.499
16 0.497
18 0.500
20 0.498
22 0.501
24 0.502
2 0.497
4 0.499
6 0.504
8 0.499
10 0.501
12 0.501
14 0.501
16 0.500
18 0.571
20 0.499
22 0.500
24 0.500
