2 60.957
4 60.971
6 64.328
8 62.642
10 62.747
12 60.978
14 62.019
16 60.966
18 60.921
20 60.938
22 60.947
24 60.955
2 60.889
4 61.115
6 61.496
8 63.150
10 61.793
12 60.947
14 60.927
16 60.963
18 62.772
20 60.971
22 60.951
24 60.883
2 62.665
4 60.960
6 60.961
8 60.933
10 60.938
12 60.955
14 61.267
16 62.000
18 61.721
20 60.879
22 62.682
24 60.979
2 60.958
4 60.952
6 62.604
8 60.949
10 62.661
12 60.903
14 60.941
16 60.958
18 61.443
20 63.366
22 60.959
24 60.940
2 60.942
4 60.930
6 60.950
8 60.962
10 60.895
12 60.878
14 60.965
16 60.951
18 60.939
20 60.973
22 62.431
24 62.645
2 62.768
4 61.109
6 60.960
8 60.984
10 61.458
12 63.407
14 62.327
16 60.940
18 60.984
20 60.961
22 60.934
24 60.935
2 62.830
4 60.964
6 60.945
8 60.895
10 62.151
12 60.970
14 60.967
16 62.569
18 60.970
20 60.954
22 60.950
24 61.393
2 60.958
4 61.410
6 61.467
8 62.031
10 60.954
12 60.879
14 62.746
16 61.565
18 62.134
20 60.939
22 60.945
24 62.117
2 62.356
4 60.876
6 62.297
8 60.972
10 62.877
12 60.954
14 60.967
16 62.523
18 60.960
20 60.995
22 60.857
24 61.650
2 60.906
4 61.714
6 62.458
8 60.958
10 60.960
12 60.949
14 60.881
16 60.961
18 60.876
20 60.956
22 60.873
24 60.943
