2 70.515
4 70.267
6 70.279
8 70.565
10 70.540
12 70.294
14 70.537
16 70.330
18 70.249
20 70.446
22 70.269
24 70.237
2 70.328
4 70.262
6 93.800
8 96.081
10 70.520
12 81.479
14 70.305
16 70.286
18 70.328
20 70.278
22 70.350
24 70.289
2 70.599
4 70.429
6 70.429
8 70.562
10 70.579
12 70.544
14 70.307
16 70.516
18 70.652
20 70.517
22 70.382
24 70.352
2 70.552
4 70.323
6 70.470
8 70.502
10 70.651
12 70.326
14 87.507
16 70.371
18 132.018
20 132.267
22 132.513
24 131.983
2 132.239
4 132.193
6 76.217
8 111.035
10 128.117
12 128.874
14 129.189
16 128.725
18 129.640
20 128.994
22 128.942
24 115.716
2 131.600
4 129.124
6 129.496
8 130.384
10 129.602
12 129.426
14 130.271
16 129.996
18 79.301
20 133.228
22 129.799
24 130.106
2 129.365
4 129.389
6 129.776
8 129.600
10 129.840
12 116.267
14 133.174
16 128.810
18 129.864
20 129.830
22 130.444
24 130.289
2 130.095
4 129.192
6 129.092
8 133.066
10 120.419
12 129.803
14 129.011
16 129.321
18 130.398
20 130.042
22 129.973
24 184.155
2 92.129
4 97.460
6 116.530
8 122.897
10 114.495
12 112.244
14 111.969
16 110.229
18 111.416
20 113.681
22 110.499
24 109.995
2 116.566
4 110.945
6 78.442
8 70.545
10 71.112
12 72.527
14 95.148
16 92.119
18 94.387
20 95.132
22 70.292
24 90.027
