2 72.458
4 72.481
6 72.465
8 72.472
10 72.468
12 72.424
14 73.026
16 135.486
18 72.519
20 89.974
22 91.643
24 113.906
2 75.569
4 98.166
6 97.413
8 87.958
10 129.130
12 134.170
14 130.987
16 131.170
18 131.926
20 131.925
22 132.176
24 134.526
2 128.309
4 128.771
6 127.555
8 127.588
10 128.887
12 127.711
14 128.753
16 72.511
18 129.624
20 127.879
22 128.193
24 128.042
2 128.865
4 129.081
6 128.180
8 128.061
10 129.144
12 128.541
14 128.201
16 128.585
18 128.412
20 128.442
22 129.643
24 129.724
2 128.864
4 134.240
6 127.288
8 132.088
10 128.141
12 129.050
14 129.246
16 129.256
18 128.392
20 128.329
22 131.677
24 127.794
2 129.038
4 128.881
6 127.945
8 130.128
10 128.850
12 130.061
14 128.915
16 245.602
18 112.952
20 112.126
22 112.144
24 109.793
2 110.586
4 110.238
6 108.193
8 109.501
10 110.918
12 109.330
14 107.049
16 72.556
18 72.448
20 72.455
22 72.431
24 72.452
2 72.474
4 72.453
6 72.400
8 72.402
10 72.478
12 80.604
14 72.506
16 72.438
18 72.442
20 72.468
22 72.450
24 72.447
2 72.474
4 72.509
6 72.442
8 72.489
10 75.512
12 72.422
14 72.501
16 72.461
18 72.514
20 72.449
22 72.506
24 72.511
2 72.603
4 72.488
6 72.493
8 72.515
10 72.479
12 72.537
14 72.479
16 72.576
18 130.775
20 72.540
22 72.451
24 72.482
