2 13.884
4 17.051
6 24.584
8 65.290
10 402.791
12 490.394
14 169.969
16 218.466
18 20.259
20 330.599
22 705.183
24 462.157
2 16.954
4 88.635
6 201.614
8 633.591
10 396.753
12 36.295
14 153.523
16 85.051
18 82.370
20 164.054
22 399.249
24 730.619
2 17.882
4 9.118
6 37.607
8 15.559
10 33.880
12 26.532
14 70.444
16 114.947
18 139.522
20 155.914
22 390.646
24 69.319
2 19.998
4 39.156
6 17.273
8 8.293
10 10.129
12 10.652
14 9.399
16 7.277
18 7.948
20 8.248
22 19.056
24 670.587
2 9.293
4 9.178
6 10.997
8 13.400
10 10.164
12 10.834
14 8.964
16 8.160
18 9.388
20 11.062
22 10.240
24 673.812
2 9.564
4 9.119
6 12.870
8 12.250
10 11.756
12 11.351
14 9.987
16 11.540
18 245.578
20 263.952
22 669.966
24 515.129
2 9.310
4 15.780
6 15.053
8 14.289
10 11.147
12 11.144
14 13.365
16 557.531
18 637.751
20 234.762
22 709.137
24 715.644
2 16.497
4 15.323
6 15.559
8 14.096
10 11.170
12 285.068
14 649.625
16 645.969
18 147.926
20 686.152
22 1015.818
24 1275.961
2 16.693
4 16.173
6 15.286
8 24.951
10 6.673
12 216.842
14 52.868
16 258.943
18 93.184
20 940.385
22 165.049
24 374.424
2 17.580
4 16.877
6 627.215
8 194.657
10 52.399
12 232.119
14 139.057
16 162.269
18 446.000
20 92.661
22 835.593
24 391.650
