2 80.187
4 72.391
6 257.095
8 411.857
10 128.368
12 195.510
14 213.286
16 344.772
18 414.167
20 303.594
22 744.768
24 1409.414
2 85.727
4 146.378
6 98.400
8 115.766
10 89.835
12 231.300
14 186.220
16 231.297
18 433.148
20 666.282
22 99.220
24 973.380
2 59.084
4 46.540
6 45.854
8 56.459
10 60.035
12 63.958
14 63.237
16 66.479
18 67.881
20 72.714
22 508.226
24 800.199
2 47.293
4 47.232
6 48.332
8 50.935
10 55.364
12 57.849
14 59.814
16 66.893
18 93.085
20 85.100
22 950.149
24 1549.382
2 47.238
4 52.355
6 49.069
8 50.457
10 50.183
12 58.985
14 66.368
16 435.065
18 165.143
20 366.278
22 382.893
24 964.087
2 69.149
4 63.183
6 53.526
8 51.786
10 52.500
12 79.620
14 230.132
16 163.433
18 187.398
20 226.766
22 716.777
24 1073.686
2 68.485
4 53.098
6 48.007
8 51.874
10 293.271
12 228.366
14 970.608
16 364.409
18 71.444
20 430.260
22 700.327
24 898.328
2 77.092
4 49.878
6 60.759
8 388.146
10 151.899
12 240.904
14 129.085
16 216.189
18 246.068
20 418.655
22 781.319
24 772.136
2 80.459
4 63.168
6 249.616
8 86.005
10 245.052
12 156.131
14 245.150
16 331.564
18 241.873
20 563.991
22 648.640
24 1567.405
2 89.266
4 86.335
6 114.500
8 138.069
10 141.319
12 159.057
14 235.478
16 266.571
18 429.945
20 547.734
22 102.030
24 717.858
