2 21.959
4 26.824
6 33.773
8 27.495
10 19.152
12 19.130
14 31.742
16 19.973
18 32.549
20 29.487
22 30.104
24 19.107
2 30.983
4 30.143
6 30.592
8 31.601
10 31.461
12 28.054
14 24.035
16 34.838
18 33.594
20 30.113
22 19.834
24 31.602
2 31.008
4 29.870
6 28.729
8 31.030
10 28.264
12 23.027
14 30.970
16 30.689
18 30.214
20 31.176
22 25.578
24 19.060
2 19.125
4 27.589
6 19.935
8 27.285
10 22.094
12 28.395
14 20.430
16 24.915
18 24.371
20 24.680
22 20.476
24 24.414
2 28.838
4 19.970
6 31.563
8 19.182
10 21.611
12 29.746
14 26.116
16 25.513
18 26.891
20 30.714
22 24.587
24 27.442
2 30.602
4 30.850
6 23.877
8 28.521
10 31.255
12 22.687
14 31.559
16 27.143
18 30.227
20 23.856
22 29.187
24 19.112
2 19.076
4 19.106
6 19.147
8 19.105
10 19.057
12 19.082
14 19.111
16 22.699
18 21.014
20 22.908
22 27.343
24 19.113
2 19.126
4 24.749
6 23.298
8 26.558
10 20.011
12 25.755
14 30.180
16 29.399
18 26.060
20 27.430
22 26.270
24 32.624
2 19.201
4 22.577
6 20.910
8 30.520
10 19.107
12 19.098
14 19.148
16 19.104
18 19.058
20 26.799
22 23.704
24 33.381
2 30.983
4 19.073
6 30.509
8 31.293
10 26.226
12 30.915
14 31.053
16 30.674
18 28.972
20 27.238
22 29.017
24 27.773
