2 79.650
4 45.560
6 34.311
8 28.703
10 25.587
12 22.874
14 133.043
16 680.047
18 698.262
20 335.751
22 24.926
24 1209.487
2 78.293
4 46.971
6 34.822
8 28.550
10 29.793
12 331.704
14 418.582
16 710.223
18 313.549
20 456.720
22 351.234
24 304.796
2 81.095
4 47.216
6 37.380
8 481.262
10 606.461
12 237.706
14 172.363
16 501.773
18 74.953
20 254.505
22 443.174
24 1106.275
2 78.548
4 99.309
6 371.581
8 345.996
10 38.961
12 74.339
14 73.442
16 141.114
18 54.959
20 155.152
22 636.395
24 1111.774
2 81.924
4 45.606
6 52.070
8 37.591
10 69.691
12 37.931
14 61.722
16 146.238
18 74.507
20 184.466
22 330.797
24 587.671
2 72.481
4 38.178
6 24.331
8 19.948
10 23.961
12 21.294
14 20.301
16 19.026
18 18.474
20 17.723
22 63.165
24 688.691
2 45.195
4 30.372
6 23.470
8 27.167
10 23.564
12 22.471
14 20.716
16 19.627
18 18.853
20 245.925
22 508.497
24 634.783
2 45.346
4 30.438
6 33.313
8 25.944
10 24.934
12 22.758
14 21.058
16 24.947
18 657.725
20 686.061
22 158.810
24 719.686
2 79.028
4 44.732
6 34.539
8 28.492
10 24.788
12 22.858
14 46.232
16 27.139
18 188.600
20 702.238
22 719.096
24 774.589
2 80.500
4 46.942
6 34.795
8 28.522
10 27.638
12 201.087
14 656.015
16 382.878
18 375.354
20 948.265
22 460.322
24 1200.759
