2 53.728
4 34.350
6 25.099
8 13.020
10 22.902
12 16.762
14 17.427
16 11.212
18 15.838
20 13.298
22 14.065
24 142.994
2 41.976
4 32.402
6 14.657
8 28.063
10 21.049
12 14.032
14 20.444
16 19.425
18 16.576
20 15.765
22 19.585
24 29.895
2 62.944
4 34.824
6 24.655
8 18.095
10 27.057
12 13.863
14 14.251
16 23.812
18 17.059
20 17.990
22 13.436
24 59.286
2 61.852
4 34.300
6 24.419
8 33.169
10 27.712
12 13.664
14 14.869
16 15.741
18 16.542
20 18.466
22 26.187
24 22.812
2 62.928
4 34.912
6 24.586
8 19.136
10 15.365
12 22.086
14 17.454
16 21.059
18 15.894
20 15.713
22 14.005
24 20.124
2 63.890
4 35.637
6 24.534
8 30.963
10 23.452
12 14.019
14 20.555
16 21.463
18 15.734
20 15.318
22 31.833
24 37.035
2 63.465
4 34.861
6 24.588
8 32.592
10 27.526
12 19.760
14 14.445
16 22.620
18 17.009
20 16.201
22 15.088
24 46.260
2 60.924
4 34.961
6 24.660
8 32.804
10 24.998
12 24.038
14 20.502
16 19.988
18 16.417
20 19.006
22 26.259
24 15.315
2 63.464
4 32.373
6 39.666
8 18.890
10 21.847
12 17.065
14 20.734
16 21.105
18 16.745
20 15.463
22 16.913
24 60.754
2 42.106
4 30.730
6 39.867
8 18.862
10 24.532
12 16.130
14 19.258
16 20.732
18 16.381
20 13.703
22 14.776
24 22.449
