2 44.051
4 57.162
6 59.517
8 70.610
10 74.958
12 73.630
14 88.979
16 94.663
18 85.355
20 105.470
22 91.288
24 99.607
2 45.038
4 24.655
6 57.426
8 74.739
10 75.469
12 77.291
14 101.986
16 87.190
18 81.945
20 81.587
22 106.126
24 119.247
2 4 52.907
6 64.866
8 70.691
10 77.303
12 77.602
14 74.322
16 82.379
18 81.826
20 78.201
22 122.884
24 106.809
2 40.212
4 43.046
6 53.839
8 63.740
10 70.627
12 71.422
14 77.608
16 80.224
18 73.570
20 87.745
22 84.798
24 83.897
2 4 56.448
6 60.527
8 61.935
10 75.219
12 90.594
14 81.220
16 98.239
18 78.242
20 80.787
22 102.606
24 118.190
2 42.064
4 57.136
6 58.569
8 75.838
10 102.732
12 74.637
14 99.378
16 89.421
18 73.431
20 84.131
22 89.653
24 88.601
2 4 6 73.120
8 59.173
10 79.190
12 75.446
14 96.325
16 81.574
18 73.452
20 86.093
22 107.184
24 146.127
2 43.204
4 64.742
6 60.620
8 62.486
10 69.874
12 76.766
14 84.899
16 79.520
18 82.048
20 82.073
22 103.549
24 115.340
2 44.979
4 55.105
6 61.103
8 73.297
10 75.459
12 75.913
14 82.555
16 83.532
18 83.487
20 86.817
22 103.296
24 115.583
2 22.562
4 54.334
6 61.786
8 73.116
10 70.203
12 65.026
14 76.444
16 71.863
18 72.998
20 86.794
22 110.846
24 105.040
