2 143.939
4 141.643
6 140.671
8 142.739
10 142.687
12 145.111
14 135.260
16 140.504
18 144.978
20 145.125
22 135.073
24 144.808
2 144.957
4 135.396
6 140.447
8 140.082
10 143.123
12 140.161
14 144.084
16 144.938
18 135.233
20 141.786
22 144.962
24 135.105
2 142.802
4 145.265
6 135.659
8 145.079
10 135.792
12 134.496
14 145.080
16 135.638
18 134.066
20 134.595
22 140.151
24 144.212
2 145.109
4 135.550
6 145.087
8 140.697
10 141.950
12 144.626
14 145.255
16 135.330
18 142.719
20 145.132
22 135.670
24 134.882
2 134.397
4 135.525
6 143.917
8 145.073
10 135.542
12 140.811
14 145.092
16 135.492
18 144.022
20 140.335
22 142.954
24 145.101
2 135.817
4 140.169
6 145.094
8 135.487
10 145.093
12 135.667
14 142.742
16 146.612
18 140.272
20 145.277
22 135.425
24 145.094
2 140.297
4 145.084
6 141.743
8 145.288
10 135.697
12 134.720
14 144.653
16 140.649
18 145.107
20 135.618
22 145.088
24 135.629
2 135.163
4 144.320
6 145.096
8 144.275
10 145.140
12 135.503
14 143.755
16 144.906
18 143.343
20 141.959
22 145.088
24 135.427
2 145.100
4 135.830
6 141.289
8 145.282
10 135.677
12 134.648
14 139.896
16 142.552
18 145.071
20 135.633
22 145.295
24 135.640
2 143.784
4 145.112
6 135.639
8 142.920
10 145.104
12 135.657
14 135.574
16 141.799
18 142.264
20 145.110
22 135.806
24 140.382
