2 80.563
4 81.426
6 81.351
8 80.534
10 80.551
12 80.567
14 80.590
16 80.782
18 81.436
20 80.867
22 80.643
24 80.667
2 80.634
4 80.563
6 80.887
8 80.591
10 80.592
12 80.838
14 80.596
16 80.557
18 80.580
20 81.407
22 80.578
24 81.401
2 80.605
4 80.596
6 80.575
8 80.589
10 80.662
12 80.565
14 80.679
16 80.690
18 80.566
20 80.588
22 80.536
24 80.541
2 80.570
4 80.615
6 80.649
8 80.577
10 80.558
12 80.531
14 80.776
16 80.610
18 80.560
20 80.553
22 80.607
24 80.617
2 80.697
4 80.668
6 80.647
8 80.607
10 80.602
12 80.619
14 83.781
16 80.607
18 80.842
20 80.644
22 80.582
24 80.835
2 80.619
4 80.567
6 80.779
8 80.636
10 80.570
12 80.659
14 80.551
16 80.565
18 80.594
20 80.616
22 80.592
24 80.637
2 81.534
4 80.537
6 80.575
8 80.616
10 80.540
12 80.592
14 80.566
16 80.542
18 81.446
20 80.579
22 80.593
24 80.605
2 80.577
4 80.564
6 80.589
8 80.545
10 80.522
12 80.559
14 80.574
16 80.581
18 80.556
20 80.552
22 81.615
24 80.592
2 80.583
4 80.603
6 80.573
8 80.596
10 80.601
12 80.612
14 80.533
16 80.576
18 80.594
20 80.573
22 80.573
24 80.581
2 80.667
4 80.566
6 80.548
8 80.555
10 97.282
12 80.676
14 80.571
16 80.566
18 80.624
20 80.592
22 80.604
24 80.584
