2 48.968
4 31.612
6 24.487
8 21.543
10 20.612
12 20.615
14 20.867
16 20.887
18 21.506
20 20.978
22 34.550
24 107.805
2 48.372
4 31.539
6 24.479
8 21.757
10 19.793
12 19.911
14 20.757
16 20.708
18 21.878
20 21.490
22 37.661
24 101.729
2 48.417
4 31.460
6 24.467
8 21.499
10 19.929
12 20.007
14 20.831
16 20.869
18 20.981
20 21.654
22 23.411
24 84.303
2 48.414
4 31.697
6 24.402
8 21.502
10 19.929
12 20.245
14 20.576
16 20.791
18 21.522
20 23.354
22 24.420
24 74.566
2 68.556
4 40.665
6 25.039
8 25.074
10 23.179
12 20.828
14 22.439
16 21.882
18 22.723
20 22.458
22 28.604
24 325.450
2 57.937
4 36.480
6 25.326
8 23.823
10 20.526
12 24.984
14 21.075
16 22.695
18 23.081
20 22.080
22 23.076
24 66.664
2 49.121
4 33.453
6 24.300
8 22.513
10 20.623
12 20.287
14 20.796
16 21.044
18 21.320
20 20.982
22 26.762
24 79.972
2 48.381
4 31.560
6 24.386
8 21.588
10 19.960
12 21.310
14 20.446
16 20.748
18 23.521
20 21.915
22 23.912
24 82.566
2 48.790
4 38.415
6 24.373
8 21.864
10 21.262
12 21.248
14 21.091
16 21.149
18 20.915
20 24.105
22 21.858
24 100.442
2 48.378
4 33.810
6 25.899
8 22.962
10 20.072
12 21.313
14 21.228
16 20.620
18 21.237
20 21.105
22 24.492
24 98.632
