2 130.848
4 131.402
6 130.836
8 131.255
10 131.477
12 155.230
14 140.738
16 130.493
18 130.579
20 156.150
22 155.026
24 130.638
2 151.385
4 130.593
6 152.091
8 148.458
10 130.612
12 150.374
14 151.174
16 132.276
18 131.939
20 154.846
22 130.773
24 130.537
2 133.740
4 130.500
6 155.948
8 130.595
10 132.555
12 140.396
14 144.507
16 141.100
18 131.511
20 147.525
22 136.526
24 130.809
2 132.836
4 130.497
6 145.638
8 147.257
10 130.601
12 131.398
14 130.576
16 155.783
18 130.628
20 141.124
22 130.546
24 130.703
2 130.455
4 130.910
6 130.489
8 130.622
10 130.659
12 130.516
14 130.676
16 134.194
18 130.684
20 130.494
22 130.570
24 131.140
2 130.983
4 153.000
6 130.628
8 130.645
10 131.309
12 130.759
14 130.694
16 130.604
18 158.376
20 131.019
22 131.055
24 130.751
2 130.906
4 130.776
6 130.728
8 130.574
10 130.712
12 130.935
14 130.754
16 133.315
18 130.820
20 130.747
22 131.433
24 131.337
2 130.793
4 131.434
6 131.428
8 131.276
10 130.723
12 131.394
14 130.608
16 130.505
18 131.942
20 131.293
22 130.562
24 157.992
2 130.675
4 130.981
6 131.864
8 131.937
10 130.487
12 130.489
14 130.523
16 130.987
18 130.413
20 135.103
22 130.468
24 130.620
2 130.749
4 131.036
6 165.645
8 130.743
10 135.090
12 149.787
14 130.851
16 142.903
18 133.636
20 131.502
22 156.410
24 155.286
