2 46.163
4 25.887
6 19.574
8 20.760
10 12.811
12 14.425
14 13.308
16 11.802
18 11.224
20 13.706
22 15.240
24 47.961
2 45.322
4 25.307
6 19.493
8 15.165
10 17.073
12 14.539
14 12.816
16 12.000
18 11.331
20 10.796
22 12.556
24 59.499
2 46.056
4 25.208
6 19.333
8 15.458
10 12.907
12 16.318
14 12.871
16 12.091
18 11.085
20 10.967
22 12.431
24 80.244
2 45.394
4 24.412
6 18.194
8 15.115
10 12.933
12 14.526
14 12.808
16 11.758
18 13.877
20 10.877
22 19.093
24 66.853
2 46.221
4 25.516
6 18.599
8 15.113
10 12.887
12 14.512
14 12.796
16 11.666
18 11.132
20 13.757
22 15.948
24 81.355
2 45.664
4 25.340
6 17.863
8 15.225
10 16.887
12 14.513
14 12.849
16 11.562
18 10.985
20 10.620
22 15.177
24 66.542
2 45.287
4 24.451
6 18.466
8 14.931
10 12.997
12 14.554
14 12.851
16 15.984
18 12.563
20 15.087
22 16.169
24 39.030
2 68.380
4 32.071
6 25.143
8 21.418
10 16.372
12 15.208
14 17.245
16 14.761
18 12.414
20 10.990
22 15.889
24 52.753
2 67.686
4 37.836
6 26.666
8 21.671
10 23.995
12 15.115
14 13.517
16 11.711
18 13.356
20 13.897
22 16.533
24 60.152
2 45.653
4 33.379
6 20.302
8 22.421
10 17.203
12 18.837
14 17.266
16 16.828
18 14.990
20 15.829
22 17.006
24 70.726
