2 42.078
4 24.075
6 16.516
8 12.811
10 10.891
12 10.095
14 9.674
16 9.710
18 11.572
20 9.971
22 9.912
24 43.967
2 42.153
4 24.231
6 18.888
8 12.790
10 10.773
12 10.024
14 10.062
16 9.552
18 9.793
20 11.247
22 9.864
24 58.040
2 49.960
4 23.743
6 16.955
8 13.099
10 11.614
12 10.209
14 10.166
16 9.753
18 9.633
20 9.486
22 10.250
24 64.372
2 42.398
4 24.749
6 17.135
8 12.887
10 11.261
12 10.731
14 10.101
16 9.642
18 9.748
20 9.524
22 18.333
24 66.052
2 42.930
4 24.201
6 17.821
8 15.132
10 10.857
12 10.170
14 9.784
16 12.604
18 10.165
20 11.451
22 14.272
24 44.954
2 42.203
4 25.491
6 21.035
8 13.238
10 12.717
12 9.980
14 10.270
16 9.690
18 9.832
20 9.738
22 10.975
24 73.685
2 42.915
4 24.335
6 16.501
8 16.116
10 12.915
12 10.868
14 10.623
16 10.029
18 9.971
20 9.993
22 15.046
24 74.388
2 42.191
4 24.231
6 16.525
8 14.270
10 10.998
12 12.554
14 11.595
16 9.746
18 9.833
20 9.498
22 10.387
24 50.997
2 42.233
4 23.694
6 16.514
8 12.856
10 11.576
12 10.651
14 9.663
16 13.210
18 9.790
20 11.738
22 11.302
24 59.821
2 42.323
4 23.672
6 16.497
8 12.888
10 10.791
12 10.021
14 9.757
16 9.963
18 9.844
20 9.595
22 10.078
24 443.027
