2 79.727
4 79.939
6 79.727
8 80.146
10 80.016
12 79.751
14 80.549
16 79.912
18 79.756
20 79.803
22 79.912
24 79.715
2 79.722
4 80.492
6 79.685
8 79.767
10 79.785
12 79.818
14 79.691
16 79.752
18 79.905
20 79.806
22 79.711
24 79.681
2 79.705
4 79.729
6 79.733
8 79.728
10 79.950
12 79.889
14 79.822
16 79.940
18 79.805
20 79.810
22 79.716
24 79.765
2 80.143
4 79.840
6 79.795
8 79.805
10 79.982
12 79.847
14 79.957
16 103.688
18 79.860
20 79.823
22 79.963
24 79.755
2 79.844
4 79.925
6 79.788
8 89.509
10 79.814
12 79.824
14 79.722
16 79.830
18 79.810
20 79.711
22 79.787
24 79.723
2 79.717
4 79.775
6 79.717
8 79.730
10 79.725
12 79.735
14 79.703
16 79.723
18 79.715
20 79.932
22 79.780
24 79.836
2 79.750
4 79.866
6 79.967
8 79.747
10 79.795
12 79.748
14 79.720
16 80.075
18 79.713
20 80.046
22 79.770
24 79.745
2 79.846
4 79.719
6 79.799
8 83.072
10 79.742
12 79.728
14 79.948
16 79.814
18 79.783
20 79.725
22 79.762
24 79.746
2 79.881
4 98.236
6 79.776
8 79.791
10 79.744
12 79.789
14 79.732
16 79.829
18 79.730
20 79.722
22 79.745
24 79.797
2 79.879
4 79.710
6 79.772
8 79.695
10 79.893
12 79.842
14 79.714
16 79.718
18 79.769
20 79.805
22 79.972
24 80.131
