2 0.753
4 0.756
6 0.757
8 0.763
10 0.754
12 0.754
14 0.755
16 0.756
18 0.756
20 0.754
22 0.755
24 0.754
2 0.756
4 0.755
6 0.753
8 0.754
10 0.754
12 0.755
14 0.756
16 0.753
18 0.756
20 0.754
22 0.754
24 0.754
2 0.755
4 0.754
6 0.755
8 0.755
10 0.754
12 0.754
14 0.756
16 0.758
18 0.755
20 0.754
22 0.755
24 0.757
2 0.754
4 0.756
6 0.755
8 0.754
10 0.756
12 0.755
14 0.755
16 0.754
18 0.754
20 0.754
22 0.754
24 0.754
2 0.754
4 0.754
6 0.756
8 0.754
10 0.754
12 0.754
14 0.755
16 0.755
18 0.755
20 0.756
22 0.755
24 0.756
2 0.755
4 0.755
6 0.756
8 0.755
10 0.756
12 0.756
14 0.756
16 0.755
18 0.755
20 0.756
22 0.755
24 0.756
2 0.754
4 0.755
6 0.755
8 0.754
10 0.755
12 0.754
14 0.754
16 0.755
18 0.756
20 0.753
22 0.755
24 0.754
2 0.756
4 0.755
6 0.753
8 0.754
10 0.755
12 0.756
14 0.754
16 0.755
18 0.755
20 0.756
22 0.756
24 0.755
2 0.754
4 0.755
6 0.754
8 0.756
10 0.756
12 0.753
14 0.757
16 0.763
18 0.755
20 0.754
22 0.754
24 0.755
2 0.755
4 0.753
6 0.756
8 0.766
10 0.755
12 0.756
14 0.753
16 0.754
18 0.756
20 0.756
22 0.754
24 0.754
