2 74.639
4 73.655
6 71.768
8 74.530
10 74.994
12 77.269
14 92.499
16 87.438
18 93.475
20 82.355
22 80.471
24 100.195
2 74.809
4 74.757
6 75.332
8 75.105
10 115.747
12 72.954
14 74.229
16 68.510
18 93.508
20 99.475
22 92.534
24 107.904
2 75.204
4 75.193
6 54.887
8 79.203
10 86.654
12 85.087
14 73.547
16 86.355
18 75.834
20 99.212
22 116.086
24 109.801
2 74.755
4 74.330
6 81.641
8 73.598
10 73.554
12 75.604
14 77.394
16 52.589
18 95.528
20 110.970
22 98.311
24 87.380
2 73.048
4 74.339
6 83.538
8 74.708
10 92.099
12 68.137
14 81.769
16 90.079
18 85.720
20 92.984
22 98.900
24 97.724
2 74.332
4 73.995
6 74.661
8 74.007
10 82.928
12 81.187
14 79.926
16 76.454
18 62.761
20 78.751
22 83.660
24 98.643
2 74.876
4 74.235
6 73.604
8 74.047
10 72.858
12 77.688
14 98.892
16 78.315
18 95.351
20 76.832
22 77.686
24 108.166
2 74.466
4 75.395
6 71.186
8 74.326
10 83.338
12 63.907
14 87.113
16 85.269
18 87.610
20 87.894
22 80.280
24 211.362
2 74.595
4 73.671
6 72.521
8 82.808
10 60.363
12 54.409
14 97.668
16 78.516
18 78.458
20 82.977
22 83.119
24 107.627
2 103.265
4 51.517
6 73.944
8 70.670
10 75.088
12 92.369
14 68.771
16 99.899
18 79.885
20 88.946
22 101.705
24 91.026
