2 1966.482
4 991.213
6 713.807
8 485.332
10 422.306
12 352.761
14 422.628
16 357.451
18 336.075
20 290.736
22 284.716
24 458.293
2 1948.006
4 1020.488
6 668.669
8 506.805
10 435.089
12 413.266
14 402.221
16 359.420
18 325.911
20 291.495
22 260.502
24 249.751
2 1949.048
4 970.381
6 672.529
8 512.023
10 422.017
12 467.601
14 405.661
16 357.156
18 325.949
20 293.228
22 261.318
24 256.709
2 1948.217
4 993.746
6 672.142
8 500.126
10 546.738
12 326.793
14 415.778
16 368.659
18 319.285
20 295.295
22 275.240
24 249.857
2 1946.477
4 989.671
6 662.115
8 504.025
10 497.209
12 469.421
14 417.326
16 349.318
18 320.862
20 293.316
22 275.562
24 268.402
2 1949.582
4 988.757
6 674.971
8 483.508
10 392.447
12 470.185
14 397.347
16 353.394
18 342.255
20 295.478
22 279.659
24 247.265
2 1941.644
4 993.975
6 655.320
8 496.998
10 423.309
12 482.128
14 420.657
16 353.503
18 320.593
20 301.263
22 257.617
24 264.690
2 1944.729
4 981.872
6 646.510
8 560.174
10 425.925
12 463.698
14 400.407
16 348.006
18 312.122
20 296.111
22 254.688
24 280.075
2 1952.583
4 963.356
6 673.927
8 587.348
10 410.263
12 457.267
14 401.944
16 368.776
18 311.146
20 299.731
22 279.029
24 279.715
2 1947.421
4 983.469
6 681.452
8 515.745
10 529.228
12 341.422
14 416.546
16 367.921
18 309.594
20 286.452
22 275.644
24 267.089
