2 792.370
4 410.287
6 279.620
8 199.540
10 178.392
12 151.671
14 128.603
16 132.663
18 118.299
20 120.536
22 121.671
24 122.836
2 793.015
4 414.311
6 262.599
8 217.041
10 187.431
12 137.912
14 139.141
16 130.401
18 124.784
20 143.473
22 121.604
24 122.904
2 773.947
4 394.988
6 269.043
8 210.930
10 211.965
12 162.729
14 131.556
16 127.247
18 123.429
20 120.356
22 110.167
24 128.023
2 788.456
4 407.613
6 266.310
8 218.972
10 183.307
12 163.961
14 136.385
16 125.056
18 133.265
20 120.170
22 109.942
24 118.051
2 788.083
4 412.900
6 276.424
8 204.882
10 198.305
12 146.943
14 145.972
16 121.395
18 121.886
20 127.408
22 112.061
24 124.086
2 767.180
4 407.278
6 273.283
8 225.757
10 162.312
12 154.585
14 135.717
16 125.039
18 119.114
20 117.534
22 109.956
24 123.704
2 792.509
4 410.898
6 275.652
8 209.325
10 161.451
12 151.473
14 130.057
16 132.278
18 134.499
20 124.876
22 113.196
24 115.333
2 795.302
4 415.760
6 279.962
8 218.910
10 185.805
12 142.558
14 157.782
16 120.003
18 123.592
20 116.230
22 115.777
24 127.559
2 767.488
4 385.509
6 259.378
8 210.000
10 191.500
12 154.546
14 131.106
16 122.393
18 122.508
20 119.174
22 119.545
24 106.222
2 788.586
4 402.504
6 282.973
8 216.261
10 179.665
12 165.132
14 130.104
16 118.816
18 125.406
20 118.786
22 117.780
24 104.373
