2 66.777
4 37.010
6 31.707
8 27.024
10 24.730
12 25.754
14 20.943
16 25.352
18 19.079
20 22.898
22 30.579
24 26.064
2 67.007
4 38.804
6 28.554
8 31.982
10 22.504
12 24.058
14 14.401
16 19.271
18 19.986
20 23.626
22 23.780
24 28.002
2 68.783
4 42.360
6 30.837
8 26.273
10 21.436
12 24.278
14 19.486
16 19.079
18 19.988
20 20.140
22 31.772
24 17.884
2 68.618
4 41.086
6 32.251
8 26.794
10 24.956
12 27.642
14 20.647
16 21.565
18 22.005
20 19.399
22 43.240
24 97.346
2 65.278
4 37.725
6 31.450
8 28.953
10 23.767
12 24.199
14 17.273
16 16.446
18 14.783
20 17.344
22 25.469
24 27.180
2 58.310
4 37.782
6 30.687
8 25.620
10 17.461
12 26.337
14 24.091
16 18.292
18 20.835
20 19.255
22 20.813
24 17.333
2 68.475
4 39.151
6 31.216
8 24.599
10 25.028
12 21.293
14 16.539
16 22.643
18 15.391
20 16.968
22 17.197
24 31.129
2 69.615
4 38.298
6 30.913
8 27.927
10 21.890
12 26.245
14 17.778
16 22.077
18 20.265
20 21.065
22 21.255
24 24.424
2 69.825
4 43.897
6 29.163
8 27.865
10 22.138
12 22.909
14 20.036
16 17.528
18 15.021
20 25.594
22 27.815
24 50.933
2 69.410
4 39.161
6 29.748
8 25.736
10 29.908
12 21.961
14 17.429
16 20.427
18 19.370
20 22.500
22 21.569
24 28.546
