2 61.112
4 60.990
6 61.265
8 61.102
10 62.251
12 61.264
14 61.571
16 62.200
18 61.377
20 62.882
22 61.705
24 61.559
2 61.687
4 60.969
6 63.615
8 61.820
10 61.541
12 61.126
14 61.746
16 61.312
18 61.955
20 63.549
22 61.703
24 61.762
2 60.923
4 63.675
6 61.906
8 61.445
10 64.382
12 61.199
14 61.669
16 61.266
18 61.083
20 64.563
22 61.456
24 61.977
2 61.751
4 62.232
6 61.130
8 61.484
10 61.395
12 61.099
14 61.233
16 60.943
18 62.214
20 61.258
22 61.353
24 61.283
2 60.954
4 61.126
6 61.454
8 62.303
10 62.049
12 61.470
14 61.318
16 60.974
18 60.974
20 61.298
22 63.531
24 61.326
2 61.798
4 61.412
6 62.098
8 61.879
10 60.974
12 61.935
14 62.244
16 61.520
18 60.951
20 61.374
22 63.232
24 61.771
2 61.517
4 61.425
6 64.306
8 61.290
10 61.610
12 63.397
14 60.956
16 61.348
18 61.541
20 60.950
22 62.095
24 61.603
2 61.531
4 61.592
6 61.872
8 61.780
10 60.959
12 60.955
14 61.679
16 61.173
18 61.517
20 61.290
22 61.211
24 61.330
2 61.790
4 61.161
6 61.821
8 61.166
10 60.952
12 61.448
14 62.500
16 61.549
18 61.713
20 61.333
22 61.169
24 60.955
2 62.052
4 61.143
6 63.835
8 61.636
10 61.536
12 61.131
14 60.883
16 61.119
18 63.590
20 60.954
22 61.151
24 61.017
