2 16811.566
4 16787.288
6 15532.143
8 15559.568
10 15629.854
12 15719.882
14 15600.109
16 15660.446
18 15565.122
20 15577.866
22 15585.841
24 15602.490
2 15584.957
4 15609.352
6 15627.149
8 15579.195
10 15545.099
12 15595.682
14 15524.826
16 15563.848
18 15559.189
20 15592.900
22 15609.444
24 15585.494
2 15553.163
4 15639.071
6 15570.213
8 15556.637
10 15616.475
12 15700.922
14 15537.427
16 15591.472
18 15570.588
20 15568.435
22 15554.477
24 15562.557
2 15578.122
4 15589.719
6 15598.608
8 15617.270
10 15586.861
12 15577.689
14 15586.725
16 15557.973
18 15575.027
20 15543.861
22 15566.438
24 15555.130
2 15560.655
4 15589.244
6 15607.627
8 15565.703
10 15560.584
12 15619.708
14 15634.091
16 15589.577
18 15554.311
20 15534.883
22 15597.212
24 15563.640
2 15530.601
4 15566.693
6 17045.060
8 15580.025
10 15574.367
12 15601.077
14 15540.290
16 15572.857
18 15595.175
20 15595.273
22 15542.510
24 15538.681
2 15531.447
4 15610.313
6 15548.777
8 15546.229
10 15552.499
12 15548.984
14 15602.644
16 15567.779
18 15561.985
20 15567.055
22 15556.859
24 15555.524
2 15569.153
4 15574.905
6 15579.199
8 15610.012
10 15568.781
12 15559.546
14 15621.571
16 15560.370
18 15572.141
20 15613.797
22 15542.450
24 15536.298
2 15639.311
4 15564.691
6 15601.578
8 15585.635
10 15574.997
12 15623.217
14 15559.182
16 16352.253
18 15547.160
20 15590.288
22 15538.406
24 15676.630
2 15582.024
4 15565.957
6 15545.104
8 15576.274
10 15580.638
12 15549.350
14 15551.222
16 15645.079
18 15535.005
20 15561.234
22 15553.089
24 15558.899
