2 23061.467
4 23010.794
6 23010.848
8 23000.364
10 23006.856
12 23026.030
14 22999.196
16 23013.476
18 23051.284
20 23027.523
22 23082.417
24 23041.405
2 22996.769
4 23004.221
6 23043.477
8 22989.630
10 23006.159
12 23075.879
14 22995.448
16 23013.464
18 23008.795
20 23045.460
22 22996.442
24 23106.987
2 23026.205
4 23009.738
6 23067.204
8 23013.292
10 22993.852
12 22983.755
14 23010.929
16 23056.539
18 23032.174
20 23073.991
22 24220.786
24 23024.180
2 23021.749
4 23036.827
6 22994.353
8 23010.207
10 23023.427
12 23038.680
14 23010.158
16 23083.997
18 23024.852
20 23011.814
22 23027.552
24 23024.179
2 23033.293
4 23107.173
6 23013.601
8 23082.157
10 23017.584
12 23083.403
14 23020.249
16 23023.486
18 23073.652
20 23019.191
22 23031.855
24 23011.640
2 23090.199
4 23014.763
6 23055.039
8 23071.681
10 23049.489
12 23009.667
14 23004.504
16 22994.656
18 22999.588
20 23023.484
22 22996.222
24 23076.236
2 23027.842
4 23056.121
6 23040.102
8 23021.348
10 24025.770
12 22979.632
14 23044.405
16 23382.448
18 23684.726
20 22999.215
22 23026.898
24 23019.962
2 23042.568
4 23029.144
6 23084.349
8 23004.947
10 23061.007
12 23035.469
14 23014.628
16 23015.504
18 23015.066
20 23004.354
22 23080.467
24 23036.379
2 23053.485
4 23030.689
6 23014.381
8 23017.837
10 23081.552
12 23021.468
14 23042.866
16 23004.836
18 23012.895
20 22995.087
22 22994.905
24 23002.997
2 23098.794
4 23000.364
6 23021.032
8 23043.430
10 22993.171
12 23136.147
14 23060.234
16 23032.386
18 23071.982
20 23029.588
22 23007.027
24 23038.070
