2 13424.725
4 8482.659
6 7441.231
8 8820.857
10 10321.661
12 10671.772
14 12643.261
16 13600.739
18 17643.997
20 20986.336
22 24846.395
24 34738.426
2 13957.067
4 9926.234
6 12326.878
8 10661.808
10 11742.117
12 14559.536
14 17869.067
16 17499.576
18 20301.046
20 28622.564
22 47016.149
24 38609.403
2 14755.018
4 8733.070
6 10489.126
8 9946.653
10 8949.456
12 11500.670
14 16758.923
16 14084.436
18 22689.881
20 31880.951
22 33450.897
24 41052.457
2 16579.123
4 11934.342
6 10452.448
8 8559.046
10 8447.335
12 9817.708
14 15448.366
16 14628.983
18 18087.256
20 20259.054
22 32271.514
24 33933.617
2 13682.294
4 12814.221
6 16266.678
8 10906.382
10 16887.497
12 20421.473
14 28221.623
16 29886.429
18 42791.901
20 45990.036
22 51636.964
24 49286.898
2 13057.054
4 7498.515
6 10905.571
8 11055.039
10 9014.251
12 16086.863
14 15075.515
16 26239.399
18 29282.581
20 36240.105
22 38261.905
24 43192.015
2 14514.354
4 10231.846
6 10410.251
8 12890.018
10 12377.829
12 10676.085
14 17468.359
16 17232.131
18 17688.123
20 19331.006
22 29409.329
24 34033.119
2 15689.304
4 11631.443
6 11096.967
8 12977.676
10 15679.864
12 13915.757
14 19213.876
16 34123.100
18 28492.126
20 25979.328
22 30176.446
24 37772.936
2 14284.606
4 10962.404
6 14955.918
8 11103.157
10 12982.684
12 11368.424
14 18034.520
16 23527.482
18 23430.553
20 26248.210
22 31643.358
24 30197.739
2 13784.508
4 7915.190
6 10414.161
8 9618.826
10 11110.354
12 14191.598
14 18947.087
16 17974.224
18 21178.831
20 32578.654
22 39017.517
24 40654.948
