2 16893.215
4 16925.033
6 16845.052
8 16864.382
10 16882.624
12 16856.066
14 16873.868
16 16859.943
18 16917.001
20 16906.661
22 16934.790
24 16942.716
2 16936.199
4 16869.897
6 16869.489
8 16868.449
10 16868.109
12 16899.450
14 16874.695
16 16908.162
18 16917.752
20 16887.543
22 16924.964
24 16918.095
2 16870.912
4 16893.076
6 16888.300
8 16941.782
10 16887.188
12 16910.981
14 16870.605
16 16861.712
18 16926.445
20 16955.408
22 16919.727
24 16867.952
2 16932.386
4 16865.016
6 16884.351
8 16898.069
10 16858.825
12 16862.831
14 16879.996
16 16922.640
18 16896.337
20 16873.589
22 16952.728
24 16884.398
2 16922.561
4 16852.068
6 16894.866
8 16869.813
10 16877.201
12 16924.756
14 16929.294
16 16909.018
18 16905.451
20 16863.018
22 16882.043
24 16879.564
2 16850.658
4 16919.653
6 16895.149
8 16893.679
10 16875.724
12 16900.507
14 16887.111
16 16907.012
18 16865.148
20 16872.455
22 16884.474
24 17001.596
2 16892.736
4 16873.950
6 16876.982
8 16863.177
10 16878.238
12 16941.892
14 16918.147
16 16910.357
18 16881.572
20 16878.459
22 16869.807
24 16930.449
2 16887.659
4 16905.549
6 16880.969
8 16866.223
10 16858.496
12 16880.237
14 16929.971
16 16880.769
18 16880.488
20 16876.261
22 16886.274
24 16917.813
2 16934.178
4 16864.362
6 16866.982
8 16856.832
10 16861.576
12 16874.172
14 16846.482
16 16894.325
18 16868.222
20 16865.144
22 16899.154
24 16985.234
2 16949.154
4 16878.326
6 16913.907
8 16874.411
10 16868.159
12 16862.921
14 16879.517
16 16869.696
18 16874.837
20 16856.190
22 16899.532
24 16920.650
