2 968.058
4 880.986
6 798.525
8 661.600
10 573.602
12 626.134
14 565.443
16 532.023
18 588.059
20 497.004
22 463.666
24 5594.232
2 968.616
4 883.688
6 704.663
8 623.474
10 530.107
12 562.491
14 606.537
16 554.178
18 543.294
20 600.189
22 485.461
24 5476.830
2 890.599
4 931.762
6 744.181
8 731.717
10 532.851
12 646.480
14 591.457
16 523.574
18 518.758
20 569.105
22 445.191
24 5497.460
2 954.286
4 824.041
6 811.640
8 670.428
10 506.408
12 513.820
14 552.789
16 538.003
18 553.430
20 577.620
22 459.105
24 5565.194
2 913.702
4 943.963
6 774.164
8 583.392
10 512.555
12 558.196
14 678.311
16 556.071
18 548.118
20 549.866
22 433.311
24 5761.713
2 971.761
4 889.585
6 725.666
8 630.633
10 545.308
12 555.158
14 607.150
16 546.495
18 575.577
20 557.524
22 487.925
24 5633.022
2 903.432
4 877.063
6 794.610
8 646.043
10 572.426
12 539.114
14 563.908
16 588.538
18 561.680
20 590.586
22 433.745
24 5474.606
2 982.183
4 932.995
6 809.572
8 667.515
10 571.047
12 518.836
14 601.657
16 484.708
18 492.973
20 503.492
22 483.480
24 5370.854
2 969.988
4 855.724
6 808.531
8 567.610
10 574.910
12 561.259
14 644.999
16 557.057
18 527.731
20 536.234
22 549.410
24 5752.109
2 944.043
4 928.295
6 744.022
8 629.484
10 566.902
12 603.535
14 634.390
16 524.619
18 517.534
20 515.138
22 509.171
24 5744.271
