2 9374.769
4 4781.727
6 3477.280
8 2933.506
10 2733.768
12 2689.762
14 2792.510
16 2873.012
18 2780.703
20 2765.471
22 2825.322
24 2869.642
2 8893.047
4 4801.062
6 3559.326
8 2955.612
10 2679.243
12 2664.971
14 2803.065
16 2881.450
18 2761.648
20 2757.570
22 2825.467
24 2798.056
2 8840.691
4 4756.523
6 3463.829
8 2918.392
10 2702.740
12 2655.444
14 2819.059
16 2818.000
18 2782.977
20 2791.859
22 2816.048
24 2954.184
2 8996.801
4 4821.609
6 3495.258
8 2940.675
10 2717.489
12 2637.865
14 2820.046
16 2853.093
18 2803.255
20 2805.396
22 2787.035
24 2866.920
2 8887.576
4 4739.644
6 3482.325
8 2976.231
10 2752.882
12 2630.234
14 2819.408
16 2852.562
18 2840.916
20 2808.439
22 2746.813
24 2919.720
2 8835.339
4 4792.090
6 3506.912
8 2974.424
10 2745.597
12 2657.712
14 2800.053
16 2872.457
18 2812.298
20 2801.049
22 2736.119
24 2936.918
2 8868.688
4 4754.658
6 3484.619
8 2970.669
10 2712.527
12 2648.497
14 2819.920
16 2874.471
18 2790.414
20 2821.430
22 2816.283
24 2979.881
2 8834.500
4 4743.070
6 3500.054
8 2972.842
10 2733.031
12 2653.523
14 2813.381
16 2852.459
18 2844.445
20 2802.930
22 2792.029
24 3038.378
2 8888.327
4 4851.378
6 3500.568
8 2962.322
10 2735.767
12 2563.245
14 2827.163
16 2866.248
18 2810.148
20 2788.810
22 2820.542
24 2986.807
2 8865.512
4 4794.752
6 3495.242
8 2951.253
10 2742.840
12 2647.485
14 2826.960
16 2849.624
18 2835.243
20 2787.777
22 2832.778
24 3009.608
