2 6543.364
4 3614.499
6 2744.409
8 2364.980
10 2231.928
12 2351.721
14 2551.498
16 2531.211
18 2453.136
20 2438.847
22 2405.556
24 8486.084
2 6475.991
4 3589.574
6 2743.507
8 2356.199
10 2239.757
12 2305.723
14 2547.869
16 2517.592
18 2476.678
20 2446.717
22 2423.886
24 8136.522
2 6377.139
4 3616.532
6 2705.134
8 2388.176
10 2236.625
12 2293.040
14 2575.754
16 2536.473
18 2440.065
20 2447.020
22 2425.002
24 8321.745
2 6467.772
4 3624.242
6 2680.014
8 2378.189
10 2245.616
12 2417.183
14 2537.678
16 2386.236
18 2419.034
20 2363.514
22 2451.610
24 8433.482
2 6457.071
4 3580.559
6 2723.741
8 2363.050
10 2254.761
12 2416.102
14 2536.340
16 2471.954
18 2376.909
20 2361.810
22 2317.771
24 8368.479
2 6438.912
4 3572.181
6 2723.153
8 2384.435
10 2248.440
12 2300.993
14 2531.199
16 2636.387
18 2463.522
20 2413.666
22 2394.601
24 8327.161
2 6489.085
4 3598.618
6 2738.369
8 2367.788
10 2229.840
12 2315.392
14 2531.330
16 2569.250
18 2512.975
20 2405.137
22 2401.338
24 8172.735
2 6473.243
4 3609.819
6 2709.068
8 2355.505
10 2243.119
12 2303.920
14 2541.947
16 2575.611
18 2418.688
20 2410.406
22 2445.340
24 8256.584
2 6525.550
4 3603.847
6 2717.017
8 2401.372
10 2237.473
12 2307.062
14 2476.787
16 2544.567
18 2388.839
20 2422.180
22 2405.727
24 8317.004
2 6503.663
4 3618.538
6 2745.666
8 2380.312
10 2239.762
12 2423.623
14 2500.218
16 2504.338
18 2388.231
20 2399.051
22 2412.740
24 8267.935
