2 9158.334
4 4643.509
6 3266.005
8 2614.048
10 2113.484
12 1891.379
14 1803.331
16 1691.656
18 1446.100
20 1427.846
22 1458.296
24 1476.925
2 9139.697
4 4671.433
6 3311.836
8 2617.775
10 2109.069
12 1895.495
14 1799.273
16 1716.189
18 1470.286
20 1394.061
22 1332.491
24 1314.839
2 9174.220
4 4638.114
6 3335.980
8 2662.870
10 2105.120
12 1837.893
14 1824.253
16 1710.114
18 1476.717
20 1394.803
22 1361.386
24 1385.087
2 9147.329
4 4676.440
6 3248.441
8 2629.771
10 2171.212
12 1847.369
14 1802.542
16 1700.795
18 1495.478
20 1424.657
22 1426.405
24 1381.582
2 9162.614
4 4744.813
6 3262.069
8 2626.406
10 2171.211
12 1832.323
14 1820.464
16 1710.906
18 1494.218
20 1392.029
22 1393.643
24 1379.363
2 9167.829
4 4638.638
6 3289.945
8 2584.102
10 2104.269
12 1857.520
14 1815.990
16 1724.006
18 1505.991
20 1418.217
22 1393.727
24 1549.840
2 9175.449
4 4670.430
6 3255.099
8 2606.486
10 2085.382
12 1844.989
14 1818.064
16 1728.176
18 1489.141
20 1396.054
22 1368.527
24 1560.592
2 9184.190
4 4666.506
6 3267.924
8 2605.363
10 2076.644
12 1821.023
14 1822.092
16 1696.692
18 1472.447
20 1409.267
22 1416.342
24 1353.642
2 9177.454
4 4669.410
6 3260.062
8 2608.632
10 2147.397
12 1848.638
14 1804.747
16 1700.435
18 1513.180
20 1438.911
22 1319.164
24 1357.128
2 9159.420
4 4672.738
6 3263.711
8 2581.325
10 2152.577
12 1788.074
14 1822.575
16 1699.426
18 1488.256
20 1365.703
22 1374.128
24 2660.188
