2 1255.136
4 1236.908
6 1425.385
8 1703.328
10 1819.363
12 3399.029
14 4118.089
16 5617.632
18 8098.067
20 10420.112
22 11961.028
24 15731.284
2 1280.313
4 1286.227
6 1296.426
8 1704.144
10 2039.054
12 2636.333
14 4514.549
16 6152.292
18 9147.831
20 10163.746
22 11775.889
24 16021.928
2 1221.918
4 1164.642
6 1318.441
8 1486.129
10 2784.179
12 4159.433
14 4489.615
16 6524.331
18 8695.976
20 10776.305
22 12067.028
24 16182.715
2 1408.794
4 1654.523
6 1692.864
8 5083.298
10 4641.743
12 6056.864
14 5950.851
16 8342.306
18 8826.938
20 10084.073
22 12329.685
24 16694.779
2 1504.562
4 1808.004
6 5318.970
8 4577.496
10 4361.682
12 4772.754
14 6115.160
16 8025.443
18 8463.531
20 10194.890
22 12732.184
24 17221.129
2 1381.974
4 2543.553
6 1813.375
8 2284.331
10 4251.484
12 5239.829
14 6961.349
16 8184.310
18 9175.220
20 10718.800
22 13825.613
24 17577.074
2 1960.746
4 2696.898
6 1729.896
8 2766.724
10 3507.668
12 5391.000
14 7055.338
16 7823.531
18 9279.792
20 11186.654
22 14216.755
24 17367.246
2 1374.969
4 1082.563
6 1189.272
8 1492.520
10 1770.120
12 2260.351
14 2565.719
16 2632.258
18 2568.009
20 2598.082
22 2665.482
24 11576.230
2 954.261
4 1057.882
6 1181.893
8 1468.214
10 1761.782
12 2190.525
14 2548.556
16 2628.623
18 2591.097
20 2623.223
22 2634.159
24 11443.763
2 1047.594
4 982.001
6 1214.240
8 1506.259
10 1802.875
12 2106.963
14 2495.284
16 2552.796
18 2590.685
20 2619.283
22 2828.944
24 11563.681
