2 16363.720
4 16360.068
6 16325.533
8 16895.265
10 16645.831
12 16737.187
14 16766.404
16 16960.344
18 16868.445
20 17032.983
22 17025.735
24 17227.217
2 16322.073
4 16560.192
6 16621.994
8 16538.850
10 16502.219
12 16804.542
14 16788.642
16 16880.955
18 16945.550
20 17005.162
22 17004.942
24 17165.781
2 16243.926
4 16312.877
6 16663.259
8 16427.744
10 16718.077
12 16675.432
14 16846.066
16 16788.202
18 16828.107
20 17036.664
22 17043.309
24 17181.580
2 16296.250
4 16366.461
6 16477.250
8 16468.887
10 16610.903
12 16727.220
14 16771.832
16 16921.831
18 16932.630
20 17130.441
22 16918.731
24 17183.443
2 16269.875
4 16594.573
6 16574.966
8 16521.379
10 16771.249
12 16651.684
14 16712.358
16 16965.970
18 16862.669
20 17092.496
22 17082.187
24 17224.772
2 16324.940
4 16388.869
6 16417.889
8 16638.652
10 16669.522
12 16677.322
14 16788.970
16 16860.823
18 16990.368
20 16981.918
22 17157.709
24 17210.738
2 16250.879
4 16452.812
6 16380.446
8 16657.067
10 16496.583
12 16566.593
14 16774.377
16 16940.900
18 17039.264
20 17064.312
22 16956.098
24 17204.159
2 16622.925
4 16403.198
6 16429.279
8 16387.689
10 16775.790
12 16483.747
14 16718.351
16 16908.387
18 16925.988
20 16935.478
22 16998.278
24 17249.022
2 16245.905
4 16355.798
6 16510.314
8 16463.106
10 16734.636
12 16687.244
14 16301.716
16 16910.847
18 16975.253
20 17082.183
22 17114.579
24 17284.299
2 16264.520
4 16319.619
6 16581.371
8 17067.540
10 16283.271
12 16649.069
14 16803.305
16 16851.237
18 16979.640
20 17091.496
22 17096.397
24 17210.941
