2 16261.455
4 16170.677
6 16195.407
8 16246.501
10 16254.198
12 16289.437
14 16397.308
16 16395.753
18 16480.557
20 16408.447
22 16353.415
24 17325.940
2 16203.168
4 16307.015
6 16279.835
8 16252.400
10 16200.064
12 16234.952
14 16241.313
16 16308.806
18 16383.395
20 16438.083
22 16583.336
24 16995.094
2 16186.745
4 16188.107
6 16242.703
8 16225.674
10 16220.055
12 16249.567
14 16340.256
16 16277.308
18 16382.595
20 16368.808
22 16537.923
24 17067.489
2 16192.065
4 16259.094
6 16203.945
8 16249.470
10 16229.157
12 16212.954
14 16297.421
16 16388.202
18 16299.918
20 16374.611
22 16518.389
24 17034.779
2 16162.243
4 16180.609
6 16193.213
8 16233.993
10 16497.212
12 16229.629
14 16275.735
16 16353.320
18 16364.363
20 16462.778
22 16381.741
24 17004.952
2 16172.491
4 16190.833
6 16198.094
8 16227.830
10 16223.553
12 16214.648
14 16312.474
16 16292.950
18 16367.959
20 16468.381
22 16462.986
24 17030.313
2 16201.175
4 16206.104
6 16216.631
8 16235.619
10 16246.413
12 16235.409
14 16254.649
16 16308.992
18 16333.961
20 16297.752
22 16622.828
24 17088.677
2 16187.757
4 16197.550
6 16198.890
8 16253.205
10 16419.481
12 16441.442
14 16362.872
16 16287.036
18 16694.446
20 16832.153
22 17023.876
24 18367.437
2 16193.944
4 16215.141
6 16273.651
8 16228.097
10 16248.860
12 16275.825
14 16379.955
16 16359.216
18 16434.112
20 16317.098
22 16590.923
24 17001.099
2 16216.229
4 16187.001
6 16203.472
8 16231.398
10 16232.634
12 16237.407
14 16239.297
16 16292.506
18 16334.522
20 16427.403
22 16594.428
24 17005.181
