2 567.010
4 314.973
6 222.465
8 176.468
10 162.187
12 140.708
14 135.575
16 129.702
18 121.911
20 127.271
22 136.891
24 272.056
2 571.787
4 315.227
6 221.403
8 192.546
10 164.839
12 137.170
14 135.109
16 128.772
18 132.773
20 134.556
22 135.829
24 156.346
2 577.047
4 309.405
6 227.964
8 180.447
10 152.789
12 149.273
14 149.138
16 137.326
18 130.278
20 136.551
22 138.605
24 162.153
2 577.412
4 299.081
6 195.494
8 179.201
10 154.715
12 142.659
14 140.450
16 128.633
18 139.380
20 135.804
22 132.408
24 139.660
2 579.319
4 317.454
6 224.752
8 170.692
10 161.223
12 159.230
14 132.598
16 121.629
18 138.035
20 136.817
22 138.708
24 168.081
2 580.339
4 314.638
6 228.243
8 189.591
10 175.054
12 137.550
14 142.898
16 128.447
18 136.233
20 125.458
22 124.490
24 139.350
2 570.912
4 316.595
6 236.309
8 184.054
10 156.921
12 159.040
14 133.325
16 139.362
18 132.363
20 129.738
22 123.035
24 138.298
2 582.609
4 310.147
6 226.291
8 200.925
10 161.125
12 134.446
14 140.643
16 133.355
18 123.404
20 136.346
22 132.317
24 146.114
2 577.949
4 315.708
6 222.250
8 188.876
10 164.839
12 145.358
14 132.216
16 125.835
18 113.331
20 131.907
22 137.442
24 200.456
2 577.375
4 317.036
6 218.238
8 186.832
10 154.462
12 156.982
14 135.737
16 133.113
18 141.285
20 119.558
22 130.197
24 391.176
