2 1192.298
4 624.499
6 432.622
8 350.284
10 373.455
12 320.176
14 290.613
16 253.447
18 246.695
20 236.056
22 199.803
24 201.533
2 1186.837
4 614.004
6 427.157
8 334.807
10 326.733
12 291.792
14 285.586
16 242.545
18 235.776
20 241.629
22 220.867
24 218.938
2 1192.961
4 609.621
6 438.564
8 305.440
10 321.604
12 315.036
14 277.104
16 246.182
18 234.595
20 247.424
22 210.219
24 288.546
2 1191.918
4 591.698
6 444.177
8 337.926
10 293.566
12 282.594
14 291.583
16 247.118
18 238.110
20 231.470
22 203.945
24 235.233
2 1194.187
4 582.767
6 443.596
8 320.832
10 311.065
12 301.870
14 293.758
16 236.990
18 253.741
20 232.222
22 201.464
24 208.422
2 1182.997
4 605.127
6 441.363
8 295.972
10 394.903
12 258.254
14 286.398
16 253.139
18 238.226
20 232.834
22 209.719
24 203.607
2 1195.798
4 604.403
6 436.597
8 329.146
10 307.524
12 300.504
14 294.810
16 240.825
18 239.352
20 253.437
22 203.230
24 224.588
2 1193.203
4 605.511
6 445.110
8 339.215
10 299.192
12 241.463
14 287.910
16 252.762
18 243.193
20 242.580
22 201.927
24 201.231
2 1194.561
4 602.304
6 432.495
8 353.317
10 356.979
12 326.110
14 295.073
16 243.377
18 263.768
20 239.415
22 198.152
24 242.279
2 1194.308
4 603.109
6 452.869
8 323.007
10 306.139
12 258.121
14 276.224
16 273.155
18 248.489
20 242.497
22 195.768
24 189.432
