2 425.465
4 237.553
6 167.644
8 132.770
10 109.711
12 87.817
14 97.991
16 92.068
18 86.148
20 93.869
22 86.477
24 103.060
2 465.801
4 223.756
6 173.211
8 135.521
10 114.944
12 100.781
14 88.948
16 94.877
18 90.655
20 91.366
22 85.880
24 115.395
2 424.857
4 237.634
6 170.456
8 125.754
10 122.730
12 103.963
14 87.214
16 91.540
18 89.246
20 87.337
22 80.172
24 99.535
2 423.954
4 240.157
6 172.815
8 150.303
10 105.648
12 92.345
14 103.946
16 99.936
18 98.631
20 85.459
22 86.500
24 92.831
2 426.372
4 236.580
6 170.211
8 131.660
10 121.481
12 96.527
14 100.043
16 90.994
18 90.058
20 85.689
22 80.281
24 94.336
2 423.514
4 234.928
6 171.615
8 118.255
10 104.384
12 97.240
14 98.098
16 92.492
18 93.309
20 85.734
22 84.220
24 85.786
2 425.357
4 236.136
6 172.360
8 134.347
10 111.662
12 93.703
14 99.140
16 98.060
18 101.939
20 92.995
22 88.811
24 105.772
2 425.857
4 238.601
6 169.107
8 133.075
10 117.418
12 96.563
14 96.165
16 92.347
18 93.259
20 88.247
22 98.228
24 93.123
2 416.865
4 222.624
6 168.655
8 137.946
10 106.498
12 107.360
14 101.178
16 90.434
18 88.373
20 90.126
22 96.353
24 88.894
2 425.575
4 198.196
6 154.688
8 122.165
10 119.482
12 103.893
14 95.047
16 96.424
18 92.510
20 89.199
22 87.597
24 84.274
