2 3008219.063
4 2998261.083
6 3064188.280
8 3064188.280
10 3064188.280
12 3064188.280
14 3064188.280
16 3064188.280
18 3064188.280
20 3064188.280
22 3064188.280
24 3064188.280
2 3008219.063
4 2998261.083
6 3064188.280
8 3064188.280
10 3064188.280
12 3064188.280
14 3064188.280
16 3064188.280
18 3064188.280
20 3064188.280
22 3064188.280
24 3064188.280
2 3008219.063
4 2998261.083
6 3064188.280
8 3064188.280
10 3064188.280
12 3064188.280
14 3064188.280
16 3064188.280
18 3064188.280
20 3064188.280
22 3064188.280
24 3064188.280
2 3008219.063
4 2998261.083
6 3064188.280
8 3064188.280
10 3064188.280
12 3064188.280
14 3064188.280
16 3064188.280
18 3064188.280
20 3064188.280
22 3064188.280
24 3064188.280
2 3008219.063
4 2998261.083
6 3064188.280
8 3064188.280
10 3064188.280
12 3064188.280
14 3064188.280
16 3064188.280
18 3064188.280
20 3064188.280
22 3064188.280
24 3064188.280
2 3008219.063
4 2998261.083
6 3064188.280
8 3064188.280
10 3064188.280
12 3064188.280
14 3064188.280
16 3064188.280
18 3064188.280
20 3064188.280
22 3064188.280
24 3064188.280
2 3008219.063
4 2998261.083
6 3064188.280
8 3064188.280
10 3064188.280
12 3064188.280
14 3064188.280
16 3064188.280
18 3064188.280
20 3064188.280
22 3064188.280
24 3064188.280
2 3008219.063
4 2998261.083
6 3064188.280
8 3064188.280
10 3064188.280
12 3064188.280
14 3064188.280
16 3064188.280
18 3064188.280
20 3064188.280
22 3064188.280
24 3064188.280
2 3008219.063
4 2998261.083
6 3064188.280
8 3064188.280
10 3064188.280
12 3064188.280
14 3064188.280
16 3064188.280
18 3064188.280
20 3064188.280
22 3064188.280
24 3064188.280
2 3008219.063
4 2998261.083
6 3064188.280
8 3064188.280
10 3064188.280
12 3064188.280
14 3064188.280
16 3064188.280
18 3064188.280
20 3064188.280
22 3064188.280
24 3064188.280
