2 13096.407
4 13070.477
6 13073.213
8 13134.771
10 13143.428
12 13132.439
14 13133.404
16 13139.756
18 13142.105
20 13146.811
22 13143.759
24 13143.851
2 13154.293
4 13167.687
6 13197.867
8 13200.750
10 13208.897
12 13204.723
14 13211.348
16 13213.213
18 13212.976
20 13216.915
22 13214.160
24 13210.754
2 13220.254
4 13215.472
6 13215.819
8 13214.629
10 13210.328
12 13221.157
14 13212.979
16 13243.134
18 13216.627
20 13219.076
22 13215.647
24 13217.004
2 13219.309
4 13219.248
6 13212.050
8 13215.269
10 13214.048
12 13216.126
14 13217.841
16 13215.971
18 13212.410
20 13217.793
22 13214.713
24 13210.352
2 13212.765
4 13218.882
6 13216.983
8 13211.935
10 13210.510
12 13211.672
14 13211.094
16 13218.314
18 13213.158
20 13215.598
22 13211.055
24 13219.329
2 13214.730
4 13222.733
6 13212.763
8 13209.059
10 13216.158
12 13214.629
14 13223.485
16 13216.662
18 13215.313
20 13209.585
22 13217.263
24 13211.476
2 13217.357
4 13215.888
6 13210.642
8 13216.135
10 13218.934
12 13213.716
14 13207.813
16 13217.687
18 13210.741
20 13208.255
22 13217.932
24 13209.860
2 13211.867
4 13207.463
6 13240.660
8 13214.079
10 13210.276
12 13209.044
14 13208.476
16 13214.210
18 13215.793
20 13214.718
22 13210.052
24 13207.434
2 13216.631
4 13209.338
6 13213.568
8 13213.288
10 13215.292
12 13210.442
14 13207.810
16 13217.946
18 13207.845
20 13208.582
22 13304.286
24 13212.893
2 13209.109
4 13208.519
6 13216.565
8 13212.357
10 13213.271
12 13217.184
14 13209.411
16 13210.479
18 13217.139
20 13284.461
22 13211.839
24 13209.657
