2 11285.309
4 5696.441
6 4772.253
8 3236.922
10 3178.547
12 3243.346
14 3636.357
16 2403.438
18 2452.258
20 2414.678
22 2475.686
24 2456.399
2 11323.238
4 5671.899
6 4513.614
8 3252.175
10 3360.239
12 3327.648
14 3630.328
16 2521.930
18 2455.191
20 2418.622
22 2558.376
24 2504.738
2 11391.119
4 5723.315
6 4792.671
8 3216.744
10 3279.102
12 3220.776
14 3491.374
16 2396.649
18 2550.472
20 2364.610
22 2425.709
24 2688.372
2 11366.814
4 5699.596
6 4786.357
8 3224.705
10 3236.770
12 3247.747
14 3665.913
16 2390.803
18 2435.362
20 2432.746
22 2405.644
24 2753.970
2 11348.417
4 5741.308
6 4775.807
8 3224.528
10 3180.840
12 3270.822
14 3597.582
16 2443.598
18 2423.131
20 2446.803
22 2435.351
24 2740.329
2 11328.595
4 5674.801
6 4523.671
8 3216.133
10 3208.380
12 3197.230
14 3651.789
16 2333.417
18 2431.268
20 2498.509
22 2477.406
24 2476.825
2 11339.168
4 5678.916
6 4718.892
8 3204.001
10 3197.331
12 3267.546
14 3677.045
16 2400.761
18 2427.491
20 2399.929
22 2494.868
24 2555.592
2 11344.439
4 5686.711
6 4624.639
8 3235.140
10 3267.741
12 3238.166
14 3651.227
16 2364.608
18 2383.825
20 2423.482
22 2485.024
24 2776.785
2 11415.203
4 5694.182
6 4631.740
8 3242.531
10 3330.981
12 3305.929
14 3672.983
16 2404.228
18 2403.305
20 2433.076
22 2469.158
24 2781.089
2 11287.378
4 5704.832
6 4716.231
8 3221.825
10 3254.659
12 3274.278
14 3555.270
16 2402.407
18 2443.487
20 2425.309
22 2403.840
24 2541.232
