2 4016.242
4 2123.236
6 1479.297
8 1161.583
10 971.151
12 907.811
14 873.031
16 854.790
18 834.583
20 833.668
22 812.329
24 768.529
2 4008.719
4 2129.204
6 1466.783
8 1160.275
10 971.923
12 887.569
14 869.918
16 857.043
18 825.439
20 835.469
22 802.899
24 791.668
2 4005.772
4 2127.059
6 1485.939
8 1150.900
10 970.405
12 906.057
14 875.177
16 852.029
18 843.838
20 829.488
22 794.217
24 780.130
2 4021.792
4 2134.347
6 1485.434
8 1154.251
10 962.306
12 881.417
14 881.476
16 862.686
18 834.762
20 840.956
22 795.326
24 793.577
2 4007.975
4 2137.645
6 1493.471
8 1149.335
10 979.099
12 897.342
14 865.572
16 855.703
18 828.907
20 826.330
22 803.664
24 1093.319
2 4005.104
4 2107.835
6 1490.533
8 1161.633
10 968.961
12 880.502
14 859.540
16 873.731
18 851.542
20 824.695
22 814.594
24 786.750
2 4009.143
4 2122.581
6 1485.096
8 1151.751
10 970.066
12 888.694
14 889.367
16 852.968
18 840.837
20 813.622
22 823.507
24 778.516
2 4004.137
4 2129.166
6 1535.957
8 1157.555
10 960.790
12 924.080
14 886.892
16 859.198
18 847.972
20 832.459
22 822.217
24 813.460
2 4033.058
4 2163.546
6 1480.644
8 1151.093
10 1054.910
12 896.412
14 873.911
16 858.112
18 825.101
20 818.939
22 794.509
24 793.940
2 4044.033
4 2123.013
6 1482.802
8 1137.128
10 975.314
12 944.676
14 860.222
16 852.854
18 845.846
20 823.882
22 818.090
24 1127.662
