2 7431.408
4 3982.717
6 2704.926
8 2062.063
10 1976.658
12 1805.667
14 1650.700
16 1525.141
18 1638.138
20 1685.406
22 1693.950
24 1704.732
2 7515.205
4 3964.496
6 2753.239
8 2102.228
10 1947.100
12 1855.666
14 1624.166
16 1577.218
18 1665.669
20 1673.788
22 1686.938
24 1968.610
2 7495.774
4 3967.572
6 2691.167
8 2071.947
10 1968.777
12 1767.069
14 1618.449
16 1570.793
18 1611.254
20 1679.528
22 1700.540
24 1716.168
2 7448.852
4 3934.264
6 2753.489
8 2073.800
10 1948.864
12 1797.527
14 1645.908
16 1593.443
18 1618.691
20 1668.183
22 1703.151
24 1982.302
2 7468.084
4 3955.910
6 2739.082
8 2014.372
10 1971.149
12 1804.528
14 1617.218
16 1572.574
18 1597.813
20 1684.013
22 1692.846
24 1729.882
2 7445.524
4 3931.137
6 2749.770
8 2060.655
10 1865.736
12 1781.433
14 1674.033
16 1565.841
18 1639.086
20 1656.638
22 1678.429
24 1966.744
2 7440.351
4 3976.953
6 2732.458
8 2060.362
10 1965.822
12 1802.554
14 1646.627
16 1557.846
18 1647.746
20 1677.337
22 1689.829
24 1732.976
2 7440.055
4 3989.536
6 2704.568
8 2097.498
10 1956.811
12 1832.655
14 1630.925
16 1584.115
18 1639.404
20 1651.470
22 1687.456
24 1993.017
2 7475.742
4 3946.477
6 2699.336
8 2038.163
10 1955.092
12 1829.269
14 1640.930
16 1544.955
18 1623.807
20 1663.091
22 1712.637
24 1737.669
2 7452.993
4 3950.446
6 2739.376
8 1955.554
10 1992.844
12 1809.899
14 1638.122
16 1578.119
18 1629.437
20 1688.670
22 1696.441
24 1936.303
