2 7305.711
4 3679.404
6 2470.082
8 1864.424
10 1496.123
12 1391.061
14 1600.281
16 1419.530
18 1246.971
20 1131.447
22 1045.611
24 963.061
2 7290.606
4 3673.015
6 2434.943
8 1857.369
10 1490.331
12 1271.689
14 1606.235
16 1403.530
18 1248.867
20 1128.534
22 1049.424
24 959.974
2 7315.661
4 3672.472
6 2469.264
8 1875.961
10 1549.409
12 1336.202
14 1598.816
16 1400.245
18 1265.817
20 1155.772
22 1046.685
24 964.391
2 7295.019
4 3666.125
6 2462.644
8 1894.809
10 1503.411
12 1439.947
14 1599.863
16 1397.424
18 1253.790
20 1136.916
22 1042.014
24 968.385
2 7308.144
4 3642.089
6 2463.638
8 1849.170
10 1536.128
12 1309.148
14 1592.987
16 1413.537
18 1249.902
20 1122.746
22 1045.227
24 1206.662
2 7290.754
4 3671.650
6 2468.618
8 1862.168
10 1501.667
12 1342.618
14 1596.530
16 1395.234
18 1253.831
20 1133.709
22 1037.957
24 969.713
2 7291.685
4 3712.197
6 2469.938
8 1826.431
10 1592.744
12 1247.404
14 1597.473
16 1417.422
18 1244.562
20 1144.247
22 1052.768
24 962.449
2 7301.735
4 3679.038
6 2471.716
8 1883.812
10 1615.325
12 1417.488
14 1606.076
16 1419.714
18 1261.996
20 1124.971
22 1040.064
24 982.812
2 7297.349
4 3682.987
6 2464.113
8 1852.236
10 1487.427
12 1263.774
14 1613.726
16 1404.283
18 1260.658
20 1142.505
22 1030.430
24 958.040
2 7294.597
4 3661.059
6 2493.502
8 1907.432
10 1498.079
12 1340.828
14 1590.349
16 1421.888
18 1247.514
20 1124.523
22 1066.771
24 1219.793
