2 8102.078
4 4064.541
6 2785.146
8 2055.025
10 1725.396
12 1467.045
14 2322.007
16 1975.358
18 1877.582
20 1632.673
22 1512.957
24 1420.679
2 8186.551
4 4068.482
6 2772.672
8 2040.615
10 1751.879
12 1571.142
14 2293.399
16 1974.794
18 1891.690
20 1625.691
22 1534.847
24 1382.254
2 8100.548
4 4037.996
6 2766.219
8 2056.679
10 1862.636
12 1536.499
14 2318.048
16 1961.898
18 1890.279
20 1634.763
22 1489.319
24 1653.162
2 8096.137
4 4057.996
6 2782.713
8 2092.229
10 1747.157
12 1511.730
14 2306.148
16 1967.508
18 1870.097
20 1622.720
22 1540.006
24 1388.912
2 8159.362
4 4055.673
6 2779.359
8 2053.127
10 1743.165
12 1611.597
14 2299.039
16 1963.311
18 1875.812
20 1624.548
22 1511.159
24 1397.610
2 8095.838
4 4064.087
6 2788.788
8 2054.419
10 1814.691
12 1469.694
14 2325.812
16 2042.158
18 1889.496
20 1639.692
22 1491.695
24 1389.891
2 8115.252
4 4063.552
6 2793.360
8 2058.535
10 1776.184
12 1571.775
14 2305.243
16 1978.481
18 1869.107
20 1622.749
22 1515.591
24 1423.917
2 8095.574
4 4079.127
6 2785.138
8 2056.400
10 1675.508
12 1504.163
14 2317.194
16 1974.670
18 1876.580
20 1629.936
22 1530.618
24 1636.082
2 8136.362
4 4066.700
6 2770.958
8 2100.588
10 1723.942
12 1484.172
14 2320.739
16 1981.726
18 1881.123
20 1615.265
22 1504.397
24 1413.961
2 8110.455
4 4066.303
6 2795.140
8 2118.413
10 1965.437
12 1592.802
14 2314.455
16 2006.847
18 1841.035
20 1622.329
22 1526.593
24 1381.852
