2 7466.433
4 4146.040
6 2894.858
8 2259.662
10 1888.662
12 1665.577
14 1658.483
16 1611.213
18 1571.635
20 1534.345
22 1493.974
24 1727.284
2 7440.318
4 4137.614
6 2894.257
8 2253.986
10 1893.940
12 1654.848
14 1646.091
16 1591.863
18 1562.010
20 1558.469
22 1547.247
24 1512.969
2 7407.778
4 4167.183
6 2893.075
8 2264.106
10 1885.053
12 1696.025
14 1634.557
16 1588.742
18 1584.492
20 1537.980
22 1509.190
24 1502.101
2 7449.541
4 4135.421
6 2892.044
8 2274.046
10 1878.794
12 1826.984
14 1631.143
16 1622.363
18 1556.023
20 1560.163
22 1479.843
24 1705.425
2 7472.338
4 4133.744
6 2889.035
8 2244.005
10 1923.413
12 1674.959
14 1640.952
16 1612.499
18 1587.744
20 1506.589
22 1536.649
24 1510.165
2 7447.195
4 4168.161
6 2900.852
8 2261.662
10 1878.267
12 1760.047
14 1643.580
16 1624.698
18 1555.397
20 1524.876
22 1508.984
24 1537.818
2 7446.588
4 4141.226
6 2880.679
8 2256.786
10 1888.710
12 1706.582
14 1628.908
16 1601.241
18 1605.915
20 1549.483
22 1501.427
24 1522.520
2 7442.251
4 4167.430
6 2918.810
8 2267.072
10 1885.025
12 1653.269
14 1652.446
16 1656.200
18 1596.597
20 1551.812
22 1508.469
24 1532.070
2 7482.089
4 4158.077
6 2882.785
8 2285.971
10 1878.501
12 1659.864
14 1650.036
16 1597.462
18 1594.651
20 1531.770
22 1523.528
24 1686.184
2 7422.598
4 4116.865
6 2935.682
8 2280.823
10 1902.884
12 1686.036
14 1641.633
16 1598.004
18 1560.981
20 1537.959
22 1520.027
24 1511.946
