2 2299.106
4 1417.923
6 1076.142
8 930.314
10 879.356
12 892.593
14 857.247
16 972.963
18 921.378
20 933.772
22 986.058
24 1033.090
2 2279.996
4 1402.334
6 1097.428
8 933.544
10 806.605
12 883.282
14 813.986
16 876.129
18 966.902
20 943.896
22 893.547
24 1132.448
2 2307.957
4 1397.747
6 1064.299
8 966.629
10 921.934
12 903.251
14 885.170
16 948.415
18 875.427
20 948.956
22 883.788
24 995.574
2 2303.024
4 1418.574
6 1102.179
8 960.157
10 879.564
12 824.252
14 926.152
16 872.739
18 959.088
20 863.540
22 1005.045
24 1127.046
2 2308.420
4 1416.309
6 1095.031
8 960.008
10 921.236
12 912.453
14 875.169
16 975.822
18 952.583
20 966.845
22 883.441
24 1009.240
2 2236.532
4 1372.473
6 1059.076
8 927.030
10 860.057
12 862.567
14 950.472
16 961.906
18 974.614
20 991.562
22 891.870
24 1033.895
2 2295.176
4 1389.016
6 1087.282
8 926.559
10 885.650
12 906.431
14 945.924
16 911.714
18 826.611
20 982.700
22 989.711
24 999.982
2 2306.427
4 1402.016
6 1091.910
8 979.261
10 915.243
12 898.807
14 878.228
16 882.678
18 868.779
20 961.195
22 947.031
24 1224.105
2 2298.130
4 1356.681
6 1083.653
8 950.499
10 927.697
12 844.333
14 855.418
16 946.775
18 968.758
20 964.310
22 990.896
24 1034.568
2 2286.214
4 1407.798
6 1070.201
8 894.104
10 865.348
12 914.002
14 938.176
16 876.445
18 863.444
20 966.857
22 992.513
24 1025.070
