2 1858.947
4 1742.788
6 1260.728
8 1045.264
10 957.041
12 894.398
14 979.120
16 939.446
18 787.740
20 831.024
22 923.062
24 832.291
2 1861.623
4 1717.496
6 1275.392
8 1036.107
10 962.207
12 899.966
14 868.729
16 841.320
18 790.376
20 854.039
22 855.033
24 880.001
2 1865.204
4 1756.382
6 1282.923
8 1028.955
10 895.714
12 865.172
14 908.131
16 886.732
18 840.018
20 874.041
22 922.294
24 827.318
2 1857.483
4 1747.730
6 1264.901
8 1029.858
10 921.471
12 854.475
14 921.303
16 879.805
18 834.462
20 926.185
22 849.844
24 858.557
2 1861.493
4 1717.793
6 1266.007
8 1061.565
10 899.644
12 919.942
14 981.192
16 886.180
18 813.046
20 897.809
22 860.160
24 854.802
2 1861.140
4 1718.255
6 1281.044
8 1055.175
10 920.193
12 791.676
14 939.804
16 842.315
18 806.541
20 835.797
22 864.340
24 1090.473
2 1849.734
4 1724.708
6 1248.577
8 1042.407
10 912.476
12 804.880
14 1027.724
16 893.980
18 851.986
20 889.202
22 832.124
24 895.946
2 1858.561
4 1730.273
6 1276.367
8 1044.522
10 933.896
12 830.572
14 987.606
16 857.646
18 798.012
20 868.180
22 845.153
24 861.111
2 1861.649
4 1740.983
6 1289.653
8 1033.049
10 905.778
12 787.029
14 870.899
16 859.746
18 805.015
20 885.259
22 874.783
24 818.025
2 1866.213
4 1744.059
6 1260.484
8 1050.599
10 901.775
12 831.908
14 942.560
16 868.562
18 860.816
20 878.024
22 843.917
24 898.423
