2 3900.057
4 3935.522
6 3901.814
8 3895.958
10 3894.104
12 3901.633
14 3898.829
16 3897.694
18 3893.880
20 3890.311
22 3911.447
24 3906.940
2 3918.158
4 3902.486
6 3946.793
8 3896.200
10 3944.361
12 3894.130
14 3912.546
16 3911.218
18 3908.546
20 3886.390
22 3921.416
24 3901.853
2 3910.144
4 3899.919
6 3890.935
8 3896.505
10 3890.861
12 3905.174
14 3898.948
16 3915.641
18 3897.431
20 3908.355
22 3894.122
24 3898.048
2 3911.549
4 3916.889
6 3909.952
8 3908.502
10 3887.558
12 3913.012
14 3913.588
16 3902.549
18 3921.749
20 3887.101
22 3896.611
24 3904.460
2 3893.801
4 3898.679
6 3901.552
8 3889.674
10 3896.994
12 3911.829
14 3901.009
16 3889.772
18 3919.351
20 3904.543
22 3889.631
24 3919.818
2 3900.216
4 3896.857
6 3916.821
8 3893.535
10 3907.407
12 3902.055
14 3892.385
16 3919.307
18 3890.844
20 3890.595
22 3908.467
24 3889.396
2 3896.711
4 3899.054
6 3889.025
8 3895.197
10 3902.343
12 3915.053
14 3917.495
16 3888.977
18 3916.195
20 3899.294
22 3904.913
24 3889.773
2 3910.805
4 3913.449
6 3935.383
8 3909.228
10 3895.974
12 3889.945
14 3891.029
16 3892.635
18 3890.643
20 3897.115
22 3887.021
24 3897.162
2 3897.138
4 3911.095
6 3894.183
8 3898.480
10 3898.424
12 3894.621
14 3909.441
16 3902.146
18 3897.035
20 3899.927
22 3915.332
24 3910.969
2 3887.114
4 3899.967
6 3911.410
8 3893.886
10 3898.603
12 3905.104
14 3896.444
16 3898.767
18 3899.173
20 3933.763
22 3902.555
24 3900.967
