2 14790.192
4 14786.624
6 14792.669
8 14798.159
10 14797.990
12 14790.881
14 14780.739
16 14865.140
18 14782.812
20 14826.955
22 14771.183
24 14776.533
2 14781.895
4 14796.642
6 14858.022
8 14785.018
10 14817.171
12 14799.156
14 14786.800
16 14824.043
18 14810.039
20 14777.344
22 14796.404
24 14800.148
2 14809.492
4 14793.286
6 14772.959
8 14841.543
10 14794.828
12 14794.616
14 14797.494
16 14779.645
18 14797.817
20 14790.642
22 14772.547
24 14842.938
2 14817.067
4 14794.352
6 14800.321
8 14858.618
10 14789.754
12 14789.194
14 14770.970
16 14777.866
18 14836.120
20 14790.990
22 14778.405
24 14786.275
2 14861.367
4 14791.589
6 14791.783
8 14815.431
10 14798.233
12 14794.535
14 14808.221
16 14774.115
18 14797.942
20 14796.628
22 14827.269
24 14811.282
2 14796.145
4 14776.886
6 14780.435
8 14816.635
10 14854.334
12 14795.377
14 14794.254
16 14856.535
18 14779.150
20 14793.521
22 14794.039
24 14773.768
2 14776.872
4 14788.767
6 14787.557
8 14774.031
10 14822.071
12 14827.247
14 14795.156
16 14776.552
18 14863.699
20 14790.855
22 14799.036
24 14787.930
2 14778.078
4 14829.141
6 14770.142
8 14789.378
10 14772.424
12 14812.039
14 14775.400
16 14776.464
18 14803.007
20 14773.098
22 14778.511
24 14775.662
2 14776.701
4 14789.671
6 14819.522
8 14795.841
10 14794.352
12 14837.784
14 14794.974
16 14790.882
18 14785.159
20 14799.266
22 14801.288
24 14798.308
2 14848.233
4 14784.335
6 14776.401
8 14781.337
10 14787.776
12 14774.701
14 14782.442
16 14790.297
18 14790.951
20 14862.213
22 14778.817
24 14793.624
