2 14619.492
4 14637.907
6 14655.762
8 14637.584
10 14639.028
12 14640.879
14 14637.541
16 14634.734
18 14624.358
20 14615.782
22 14648.751
24 14624.063
2 14616.078
4 14646.176
6 14659.398
8 14639.022
10 14623.949
12 14639.438
14 14618.861
16 14616.316
18 14666.414
20 14667.893
22 14634.511
24 14630.178
2 14633.247
4 14638.433
6 14643.612
8 14631.981
10 14631.136
12 14621.669
14 14638.251
16 14665.477
18 14641.537
20 14622.133
22 14635.333
24 14645.018
2 14658.807
4 14651.094
6 14623.806
8 14625.814
10 14670.402
12 14634.916
14 14618.925
16 14698.585
18 14638.267
20 14619.623
22 14635.490
24 14641.960
2 14636.857
4 14637.861
6 14628.448
8 14665.791
10 14621.081
12 14634.720
14 14642.359
16 14649.128
18 14682.537
20 14712.131
22 14663.508
24 14663.709
2 14672.712
4 14630.701
6 14621.026
8 14669.185
10 14663.316
12 14618.344
14 14637.980
16 14647.875
18 14622.507
20 14635.502
22 14693.104
24 14619.963
2 14661.579
4 14620.005
6 14621.040
8 14685.244
10 14666.153
12 14661.170
14 14646.623
16 14636.904
18 14620.204
20 14683.770
22 14637.266
24 14621.341
2 14679.889
4 14619.335
6 14642.961
8 14624.438
10 14636.368
12 14657.627
14 14649.729
16 14634.582
18 14639.471
20 14655.072
22 14650.809
24 14623.106
2 14619.523
4 14654.920
6 14621.567
8 14652.492
10 14634.667
12 14638.918
14 14651.463
16 14633.796
18 14621.156
20 14671.080
22 14670.275
24 14647.315
2 14618.835
4 14702.638
6 14620.331
8 14621.385
10 14631.448
12 14674.774
14 14624.441
16 14619.637
18 14640.796
20 14619.535
22 14678.367
24 14618.650
