2 1270.534
4 1275.942
6 1283.881
8 1282.642
10 1283.062
12 1285.234
14 1280.723
16 1280.443
18 1273.910
20 1265.100
22 1294.210
24 1266.547
2 1279.002
4 1292.673
6 1262.080
8 1277.551
10 1290.376
12 1258.794
14 1283.650
16 1283.497
18 1283.886
20 1266.070
22 1267.512
24 1260.804
2 1281.480
4 1271.139
6 1290.095
8 1271.863
10 1285.453
12 1278.032
14 1282.881
16 1257.752
18 1262.596
20 1281.634
22 1266.750
24 1358.325
2 1276.110
4 1278.320
6 1277.956
8 1277.778
10 1260.006
12 1261.483
14 1292.608
16 1282.712
18 1292.159
20 1258.562
22 1287.016
24 1283.026
2 1275.982
4 1282.218
6 1283.915
8 1261.727
10 1288.917
12 1259.689
14 1270.768
16 1290.727
18 1287.395
20 1274.287
22 1291.285
24 1279.056
2 1281.754
4 1276.745
6 1277.414
8 1281.788
10 1281.602
12 1257.929
14 1260.019
16 1257.729
18 1266.618
20 1281.311
22 1288.531
24 1289.790
2 1280.423
4 1287.868
6 1275.548
8 1283.083
10 1287.922
12 1285.533
14 1279.962
16 1277.250
18 1275.043
20 1285.702
22 1274.173
24 1269.385
2 1279.244
4 1279.122
6 1278.636
8 1271.943
10 1264.106
12 1283.906
14 1259.343
16 1285.161
18 1272.831
20 1264.903
22 1270.764
24 1281.884
2 1282.173
4 1273.352
6 1286.912
8 1284.203
10 1323.165
12 1287.991
14 1273.367
16 1275.082
18 1286.382
20 1277.691
22 1259.540
24 1282.555
2 1276.617
4 1277.982
6 1281.603
8 1278.141
10 1283.673
12 1284.242
14 1283.814
16 1271.320
18 1282.258
20 1319.924
22 1290.143
24 1292.439
