2 753.432
4 749.094
6 758.179
8 756.647
10 747.883
12 736.260
14 753.144
16 741.557
18 743.021
20 730.860
22 736.752
24 731.055
2 750.570
4 759.836
6 751.028
8 758.146
10 741.601
12 760.324
14 757.256
16 741.135
18 756.584
20 748.162
22 758.234
24 761.175
2 751.259
4 749.765
6 749.984
8 750.188
10 755.719
12 752.966
14 757.596
16 753.284
18 749.787
20 756.979
22 756.593
24 751.305
2 757.283
4 747.208
6 742.565
8 749.583
10 749.481
12 762.570
14 744.081
16 733.118
18 733.608
20 739.869
22 744.969
24 735.288
2 749.264
4 749.809
6 757.795
8 749.306
10 744.117
12 740.939
14 733.599
16 757.045
18 754.544
20 731.340
22 752.171
24 750.879
2 750.756
4 765.704
6 751.503
8 757.053
10 748.020
12 755.639
14 758.474
16 737.185
18 755.909
20 755.777
22 756.385
24 735.148
2 751.621
4 757.217
6 749.822
8 759.875
10 757.142
12 757.839
14 763.584
16 749.641
18 759.376
20 746.091
22 740.327
24 743.526
2 741.768
4 730.773
6 741.454
8 757.236
10 744.144
12 754.285
14 732.821
16 734.546
18 732.321
20 746.424
22 788.915
24 757.503
2 736.505
4 758.585
6 756.432
8 756.302
10 747.052
12 736.344
14 757.132
16 757.615
18 756.995
20 756.686
22 758.058
24 750.041
2 754.476
4 757.056
6 751.844
8 753.174
10 756.666
12 759.502
14 751.045
16 751.428
18 737.146
20 750.792
22 733.035
24 756.691
