2 559.879
4 295.375
6 234.350
8 183.767
10 209.430
12 148.193
14 205.671
16 134.813
18 129.129
20 145.093
22 162.467
24 147.916
2 559.732
4 295.104
6 232.657
8 177.207
10 197.762
12 188.854
14 231.126
16 134.421
18 139.010
20 142.289
22 147.742
24 135.468
2 559.489
4 295.702
6 245.404
8 165.264
10 168.471
12 172.677
14 182.966
16 131.658
18 150.620
20 134.487
22 150.157
24 142.150
2 559.886
4 291.215
6 229.589
8 165.079
10 165.520
12 211.148
14 214.715
16 146.115
18 129.625
20 145.963
22 155.585
24 288.319
2 561.553
4 295.427
6 229.013
8 176.266
10 162.927
12 180.842
14 215.785
16 148.498
18 144.167
20 127.367
22 139.232
24 139.784
2 559.289
4 294.286
6 229.401
8 152.688
10 155.011
12 202.460
14 215.845
16 144.763
18 139.730
20 138.035
22 139.465
24 160.882
2 560.818
4 296.116
6 214.959
8 231.833
10 180.027
12 211.560
14 168.234
16 145.359
18 142.493
20 145.958
22 145.873
24 147.883
2 591.245
4 295.831
6 226.232
8 197.333
10 236.589
12 213.553
14 188.177
16 138.798
18 145.378
20 136.043
22 135.864
24 152.398
2 559.124
4 297.148
6 238.347
8 181.501
10 209.683
12 187.864
14 205.905
16 135.211
18 137.465
20 147.988
22 127.413
24 157.186
2 562.084
4 294.618
6 231.553
8 167.362
10 166.456
12 202.783
14 141.969
16 139.937
18 136.910
20 137.172
22 161.144
24 148.671
