2 638.917
4 568.975
6 476.959
8 517.849
10 601.037
12 623.803
14 621.866
16 685.830
18 709.084
20 725.440
22 823.978
24 832.933
2 640.266
4 566.983
6 515.666
8 471.866
10 556.731
12 663.805
14 664.813
16 688.131
18 707.710
20 715.121
22 1006.660
24 1009.920
2 635.798
4 565.124
6 502.169
8 531.674
10 614.010
12 634.311
14 664.672
16 700.166
18 722.064
20 717.128
22 827.487
24 1054.549
2 641.979
4 542.728
6 503.010
8 489.358
10 588.625
12 643.647
14 673.431
16 692.770
18 702.397
20 733.586
22 805.568
24 1004.970
2 634.689
4 571.446
6 520.886
8 553.950
10 614.911
12 645.951
14 663.733
16 685.760
18 690.237
20 726.372
22 780.642
24 1020.501
2 622.499
4 570.242
6 503.531
8 464.626
10 605.828
12 666.636
14 681.137
16 680.648
18 704.370
20 722.718
22 971.097
24 991.732
2 640.467
4 567.764
6 472.146
8 542.508
10 601.060
12 642.248
14 664.915
16 688.011
18 680.421
20 717.208
22 981.308
24 1070.026
2 636.727
4 540.371
6 477.050
8 565.293
10 550.953
12 656.499
14 678.836
16 697.194
18 697.308
20 723.017
22 828.769
24 853.080
2 627.672
4 578.703
6 506.350
8 472.061
10 619.664
12 649.059
14 671.873
16 687.673
18 699.462
20 717.962
22 812.206
24 831.380
2 632.179
4 547.631
6 511.618
8 537.586
10 608.562
12 649.126
14 671.782
16 703.794
18 704.165
20 713.499
22 801.695
24 813.273
