2 458.079
4 251.415
6 209.194
8 204.635
10 136.980
12 116.827
14 139.166
16 108.010
18 110.778
20 105.726
22 108.338
24 109.706
2 460.972
4 254.161
6 183.113
8 195.772
10 120.338
12 152.021
14 130.460
16 122.107
18 99.803
20 107.262
22 124.285
24 124.278
2 458.693
4 250.987
6 184.573
8 159.522
10 129.199
12 150.933
14 126.879
16 115.049
18 107.090
20 116.982
22 115.721
24 116.049
2 458.953
4 277.017
6 208.365
8 151.697
10 114.872
12 109.627
14 136.679
16 112.654
18 115.450
20 105.434
22 99.458
24 107.383
2 459.344
4 253.708
6 186.478
8 142.327
10 127.053
12 142.360
14 131.670
16 108.875
18 120.605
20 103.196
22 112.278
24 116.868
2 446.182
4 260.167
6 171.494
8 168.561
10 161.290
12 128.066
14 125.809
16 119.015
18 116.013
20 112.044
22 95.848
24 97.786
2 458.369
4 249.647
6 195.786
8 148.652
10 179.661
12 107.309
14 133.927
16 123.676
18 107.672
20 102.752
22 107.254
24 104.941
2 459.719
4 260.053
6 183.119
8 160.360
10 178.496
12 142.559
14 129.964
16 112.327
18 105.863
20 110.459
22 115.986
24 105.138
2 459.227
4 246.982
6 203.892
8 155.298
10 141.581
12 146.409
14 131.151
16 115.596
18 127.164
20 108.358
22 106.579
24 98.727
2 461.408
4 249.587
6 196.122
8 157.551
10 126.467
12 144.872
14 132.063
16 118.254
18 109.820
20 101.950
22 107.809
24 140.073
