2 802.584
4 793.557
6 805.193
8 799.554
10 811.594
12 817.703
14 848.433
16 915.437
18 993.898
20 1087.795
22 1058.782
24 1159.389
2 786.046
4 798.932
6 786.984
8 788.005
10 778.935
12 804.898
14 911.476
16 922.280
18 1057.972
20 1079.804
22 1071.583
24 1158.160
2 799.188
4 805.230
6 800.487
8 783.636
10 784.591
12 797.597
14 855.038
16 1027.731
18 1025.236
20 1033.809
22 1111.493
24 1152.580
2 784.080
4 798.469
6 791.265
8 789.239
10 818.732
12 848.989
14 945.394
16 1004.513
18 1013.444
20 1006.386
22 1088.727
24 1364.422
2 790.082
4 795.252
6 789.966
8 774.978
10 802.870
12 795.819
14 872.750
16 975.073
18 1009.410
20 1112.275
22 1118.920
24 1244.357
2 794.296
4 792.423
6 801.896
8 796.915
10 788.995
12 834.484
14 908.316
16 945.338
18 974.476
20 1063.882
22 1101.791
24 1173.008
2 797.170
4 792.075
6 802.190
8 797.925
10 824.042
12 808.889
14 907.846
16 917.153
18 1050.119
20 989.238
22 1123.837
24 1154.895
2 790.659
4 806.567
6 790.707
8 802.118
10 812.928
12 814.923
14 840.673
16 945.243
18 1026.760
20 992.187
22 1116.017
24 1163.157
2 807.187
4 795.924
6 785.142
8 799.189
10 799.371
12 824.651
14 879.447
16 894.582
18 976.465
20 1086.219
22 1116.593
24 1170.276
2 787.449
4 798.758
6 797.348
8 782.719
10 785.443
12 808.441
14 906.021
16 917.627
18 1039.374
20 1020.753
22 1129.532
24 1361.799
