2 779.556
4 781.092
6 843.529
8 774.136
10 787.255
12 762.860
14 774.530
16 780.693
18 787.399
20 784.216
22 784.672
24 788.341
2 785.609
4 785.888
6 776.702
8 780.235
10 761.601
12 779.067
14 762.294
16 831.888
18 784.880
20 777.926
22 784.594
24 786.208
2 775.588
4 786.815
6 777.754
8 786.432
10 773.240
12 781.193
14 779.128
16 773.638
18 780.276
20 762.985
22 775.192
24 779.066
2 780.548
4 763.709
6 778.496
8 773.030
10 781.903
12 776.367
14 790.044
16 786.596
18 781.554
20 779.354
22 784.336
24 759.940
2 780.223
4 784.508
6 780.800
8 789.482
10 760.727
12 774.354
14 785.619
16 783.898
18 760.439
20 760.426
22 777.988
24 786.593
2 779.480
4 781.562
6 777.403
8 764.702
10 776.518
12 771.825
14 786.759
16 762.589
18 762.896
20 782.185
22 786.934
24 760.031
2 784.864
4 777.410
6 775.226
8 772.398
10 784.353
12 769.217
14 789.159
16 760.178
18 776.688
20 786.840
22 786.961
24 775.390
2 764.313
4 776.936
6 785.472
8 780.402
10 778.192
12 787.459
14 785.683
16 776.798
18 789.933
20 762.849
22 775.632
24 785.837
2 766.413
4 787.532
6 782.952
8 786.382
10 784.627
12 797.047
14 783.209
16 780.694
18 771.472
20 785.732
22 780.350
24 783.717
2 780.676
4 786.878
6 788.326
8 769.213
10 779.801
12 764.540
14 785.576
16 789.972
18 787.102
20 785.596
22 778.675
24 784.179
