2 3693.760
4 1896.807
6 1293.369
8 986.387
10 852.491
12 756.554
14 1033.776
16 929.089
18 867.080
20 763.377
22 734.762
24 687.982
2 3735.816
4 1914.184
6 1297.319
8 1084.779
10 1012.960
12 916.090
14 1055.266
16 939.682
18 867.408
20 764.088
22 723.198
24 700.702
2 3734.213
4 1904.075
6 1310.594
8 994.566
10 943.010
12 863.901
14 1029.756
16 939.386
18 860.703
20 771.978
22 723.701
24 688.396
2 3708.327
4 1905.125
6 1309.947
8 1056.390
10 815.580
12 700.602
14 1040.995
16 945.901
18 854.626
20 797.289
22 734.021
24 698.854
2 3700.943
4 1897.377
6 1295.748
8 988.916
10 815.808
12 792.533
14 1054.290
16 922.709
18 852.004
20 766.070
22 743.814
24 689.228
2 3702.424
4 1919.935
6 1292.641
8 995.057
10 813.772
12 803.040
14 1034.168
16 925.788
18 852.503
20 788.459
22 737.036
24 683.840
2 3730.734
4 1892.150
6 1295.462
8 977.916
10 813.470
12 736.061
14 1048.840
16 908.592
18 848.052
20 769.130
22 736.051
24 692.658
2 3702.038
4 1891.123
6 1308.870
8 993.383
10 813.444
12 900.883
14 1054.403
16 922.833
18 862.665
20 767.051
22 725.115
24 715.525
2 3744.262
4 1896.437
6 1281.052
8 1005.108
10 864.635
12 926.433
14 1043.414
16 921.061
18 867.178
20 767.907
22 757.050
24 718.350
2 3734.858
4 1903.244
6 1320.339
8 1088.915
10 813.602
12 699.746
14 1043.041
16 922.458
18 855.369
20 788.125
22 748.929
24 700.897
