2 11222.934
4 11228.359
6 11246.143
8 11220.157
10 11231.992
12 11246.906
14 11213.720
16 11218.379
18 11216.119
20 11241.686
22 11253.453
24 11213.748
2 11245.467
4 11205.490
6 11255.982
8 11248.627
10 11224.905
12 11239.146
14 11227.284
16 11219.017
18 11233.079
20 11234.001
22 12050.998
24 11241.903
2 11217.891
4 11240.016
6 11233.800
8 11254.002
10 11218.572
12 11216.071
14 11213.285
16 11249.808
18 11251.688
20 11211.234
22 11245.759
24 11236.466
2 11231.639
4 11264.421
6 11207.190
8 11243.676
10 11234.383
12 11235.660
14 11243.157
16 11215.457
18 11229.683
20 11289.575
22 11243.892
24 11240.661
2 11231.038
4 11238.428
6 11258.846
8 11243.291
10 11219.155
12 11232.419
14 11225.345
16 11241.036
18 11217.395
20 11240.324
22 11235.878
24 11227.586
2 11213.789
4 11248.153
6 11231.306
8 11233.421
10 11217.355
12 11228.995
14 11256.946
16 11280.384
18 11267.460
20 11235.983
22 11243.472
24 11219.168
2 11233.889
4 11237.818
6 11237.238
8 11227.961
10 11219.690
12 11246.586
14 11267.321
16 11238.124
18 11222.033
20 11272.317
22 11231.233
24 11271.926
2 11238.312
4 11239.606
6 11233.155
8 11253.587
10 11254.441
12 11238.942
14 11285.835
16 11226.277
18 11232.486
20 11243.987
22 11239.027
24 11264.939
2 11249.727
4 11217.053
6 11241.062
8 11262.640
10 11268.726
12 11242.378
14 11222.579
16 11233.483
18 11279.101
20 11243.348
22 11209.111
24 11234.068
2 11237.281
4 11332.636
6 11233.902
8 11239.698
10 11285.862
12 11232.927
14 11246.693
16 11234.287
18 11246.367
20 11208.922
22 11212.485
24 11231.882
