2 7205.967
4 7202.130
6 7204.304
8 7186.080
10 7186.578
12 7233.423
14 7186.931
16 7240.534
18 7169.600
20 7184.314
22 7189.205
24 7178.830
2 7179.125
4 7190.727
6 7165.237
8 7216.568
10 7178.504
12 7167.446
14 7184.753
16 7180.660
18 7186.475
20 7179.725
22 7183.857
24 7159.921
2 7173.498
4 7174.251
6 7182.859
8 7172.337
10 7170.708
12 7216.947
14 7173.062
16 7170.291
18 7187.147
20 7188.418
22 7160.013
24 7186.800
2 7175.148
4 7184.610
6 7177.438
8 7198.285
10 7185.915
12 7183.668
14 7215.029
16 7195.381
18 7165.431
20 7187.366
22 7159.567
24 7209.138
2 7172.054
4 7180.808
6 7172.243
8 7192.729
10 7166.776
12 7190.033
14 7172.714
16 7183.032
18 7190.213
20 7187.322
22 7185.615
24 7175.300
2 7201.449
4 7159.349
6 7172.544
8 7162.967
10 7187.982
12 7195.552
14 7202.469
16 7186.375
18 7181.376
20 7183.142
22 7211.972
24 7281.847
2 7191.205
4 7166.630
6 7191.557
8 7204.665
10 7190.969
12 7172.211
14 7188.674
16 7196.720
18 7186.904
20 7168.458
22 7166.616
24 7182.732
2 7206.256
4 7164.318
6 7205.430
8 7227.917
10 7190.117
12 7180.894
14 7167.458
16 7182.759
18 7195.015
20 7175.618
22 7203.938
24 7178.525
2 7184.569
4 7183.583
6 7168.749
8 7171.808
10 7194.833
12 7186.773
14 7189.097
16 7177.662
18 7164.993
20 7173.044
22 7182.449
24 7176.998
2 7199.686
4 7173.964
6 7196.530
8 7178.111
10 7184.567
12 7171.794
14 7183.460
16 7166.483
18 7178.724
20 7197.331
22 7179.470
24 7167.986
