2 5281.174
4 2685.258
6 1934.896
8 1432.208
10 1540.599
12 1325.230
14 1706.289
16 1425.925
18 1534.439
20 1531.013
22 1259.027
24 1327.262
2 5270.467
4 2673.036
6 1998.477
8 1467.495
10 1297.206
12 1327.203
14 1693.096
16 1465.304
18 1341.891
20 1476.944
22 1275.340
24 1210.296
2 5276.083
4 2705.268
6 1987.292
8 1393.624
10 1290.808
12 1159.947
14 1711.464
16 1443.122
18 1515.982
20 1340.807
22 1336.393
24 1278.518
2 5276.672
4 2681.618
6 1960.869
8 1407.100
10 1395.598
12 1206.862
14 1753.260
16 1537.764
18 1430.943
20 1506.698
22 1279.180
24 1274.917
2 5275.262
4 2697.810
6 2010.454
8 1463.155
10 1365.773
12 1204.220
14 1688.389
16 1483.049
18 1444.367
20 1431.178
22 1246.697
24 1326.549
2 5246.234
4 2670.092
6 2000.861
8 1462.328
10 1429.766
12 1304.416
14 1704.556
16 1487.251
18 1462.206
20 1464.290
22 1178.876
24 1409.802
2 5331.637
4 2679.453
6 1919.626
8 1420.341
10 1346.786
12 1250.512
14 1694.006
16 1419.747
18 1447.732
20 1474.602
22 1141.141
24 1285.567
2 5298.502
4 2685.279
6 1901.738
8 1389.232
10 1474.786
12 1322.860
14 1753.516
16 1457.270
18 1433.087
20 1411.530
22 1145.339
24 1291.542
2 5272.787
4 2675.161
6 2003.162
8 1403.581
10 1342.273
12 1387.094
14 1691.992
16 1467.846
18 1484.037
20 1524.367
22 1236.406
24 1214.569
2 5331.567
4 2672.244
6 1970.661
8 1378.725
10 1429.908
12 1302.070
14 1717.747
16 1430.977
18 1498.232
20 1444.639
22 1289.861
24 1363.060
