2 7184.133
4 3779.869
6 2644.250
8 2257.845
10 1786.789
12 1621.311
14 1604.114
16 1552.188
18 1470.186
20 1578.303
22 1548.547
24 1835.447
2 7094.300
4 3788.392
6 2599.857
8 2257.382
10 1785.703
12 1642.907
14 1583.361
16 1617.420
18 1528.602
20 1565.765
22 1584.911
24 1626.605
2 7030.462
4 3771.971
6 2622.611
8 2275.421
10 1764.698
12 1630.384
14 1593.269
16 1613.474
18 1533.706
20 1584.803
22 1550.457
24 1676.898
2 7033.065
4 3789.988
6 2570.762
8 2247.085
10 1789.612
12 1635.279
14 1590.556
16 1533.009
18 1484.773
20 1535.245
22 1530.117
24 1787.889
2 6984.743
4 3789.205
6 2614.152
8 2264.947
10 1786.375
12 1631.746
14 1608.934
16 1622.605
18 1567.475
20 1541.477
22 1594.890
24 1614.824
2 7044.196
4 3764.273
6 2593.116
8 2271.564
10 1788.311
12 1634.786
14 1597.651
16 1607.006
18 1559.279
20 1565.548
22 1573.613
24 1857.650
2 6960.573
4 3822.242
6 2597.253
8 2247.688
10 1827.525
12 1623.883
14 1612.230
16 1596.692
18 1564.194
20 1509.769
22 1571.934
24 1592.391
2 7023.606
4 3783.895
6 2588.978
8 2257.668
10 1784.242
12 1640.881
14 1608.591
16 1541.515
18 1531.170
20 1558.111
22 1592.203
24 1627.289
2 6984.303
4 3703.483
6 2586.460
8 2254.439
10 1794.162
12 1635.727
14 1605.808
16 1556.838
18 1560.947
20 1553.164
22 1571.193
24 1880.272
2 7179.411
4 3799.933
6 2592.697
8 2247.952
10 1788.633
12 1630.945
14 1598.459
16 1523.133
18 1516.737
20 1552.031
22 1593.454
24 1579.080
