2 5137.451
4 3033.171
6 2334.066
8 1987.816
10 1864.916
12 1808.108
14 1890.128
16 1883.261
18 1858.227
20 1966.470
22 2515.782
24 2908.678
2 5120.064
4 3033.803
6 2365.634
8 2001.953
10 1867.731
12 1794.948
14 1844.752
16 1858.129
18 1843.259
20 1911.990
22 2083.926
24 2377.325
2 5147.132
4 3017.138
6 2348.173
8 1994.395
10 1861.074
12 1817.592
14 1830.104
16 1871.685
18 1876.933
20 1896.791
22 2055.893
24 2891.785
2 5124.200
4 3022.369
6 2309.048
8 2000.679
10 1843.682
12 1810.742
14 1871.603
16 1874.648
18 1906.054
20 1930.130
22 2530.327
24 2880.270
2 5116.984
4 3024.406
6 2339.306
8 1998.867
10 1908.899
12 1818.071
14 1858.799
16 1871.370
18 1882.400
20 1943.386
22 2514.637
24 2225.779
2 5117.772
4 3042.452
6 2327.230
8 2003.778
10 1862.220
12 1817.224
14 1889.756
16 1888.640
18 1897.734
20 1901.172
22 2073.947
24 2165.664
2 5110.899
4 3062.677
6 2317.052
8 2002.622
10 1863.951
12 1827.688
14 1837.021
16 1862.197
18 1871.788
20 1883.611
22 2517.028
24 2191.784
2 5117.781
4 3094.480
6 2329.577
8 1995.718
10 1885.772
12 1822.846
14 1859.783
16 1882.232
18 1888.793
20 1884.480
22 2022.542
24 2212.127
2 5143.176
4 3027.263
6 2335.001
8 1987.662
10 1877.786
12 1813.085
14 1846.211
16 1883.042
18 1879.199
20 1891.465
22 2554.897
24 2676.253
2 5132.023
4 3036.507
6 2345.027
8 1990.441
10 1859.563
12 1809.595
14 1855.593
16 1886.320
18 1895.786
20 1908.878
22 2102.156
24 2935.203
