2 6705.817
4 3985.997
6 2923.704
8 2459.601
10 2284.487
12 2142.324
14 2173.310
16 2156.657
18 2158.544
20 2174.264
22 2236.127
24 2292.148
2 6699.526
4 3879.567
6 2973.960
8 2474.479
10 2241.195
12 2147.392
14 2153.214
16 2152.622
18 2127.763
20 2158.546
22 2468.955
24 2269.389
2 6634.713
4 3885.164
6 2922.971
8 2458.140
10 2257.527
12 2158.103
14 2138.807
16 2155.238
18 2140.236
20 2149.225
22 2445.358
24 2600.143
2 6688.825
4 3924.074
6 3001.998
8 2471.449
10 2250.793
12 2134.669
14 2152.103
16 2164.652
18 2161.800
20 2155.720
22 2227.215
24 2851.159
2 6630.513
4 3918.867
6 2955.081
8 2463.116
10 2262.261
12 2139.975
14 2152.457
16 2153.400
18 2152.714
20 2172.296
22 2410.780
24 2526.440
2 6592.317
4 3916.613
6 2916.872
8 2466.987
10 2262.700
12 2129.741
14 2164.193
16 2167.290
18 2147.270
20 2183.257
22 2478.858
24 2821.931
2 6645.990
4 3919.613
6 2909.442
8 2440.551
10 2299.329
12 2124.369
14 2194.897
16 2190.327
18 2144.692
20 2153.852
22 2506.955
24 2635.200
2 6621.116
4 3887.749
6 2962.042
8 2496.864
10 2244.880
12 2227.892
14 2145.848
16 2153.781
18 2285.880
20 2144.556
22 2470.128
24 2476.350
2 6572.484
4 3912.495
6 2929.980
8 2436.613
10 2244.503
12 2161.108
14 2178.151
16 2167.447
18 2148.923
20 2194.540
22 2241.176
24 2844.607
2 6665.940
4 3897.749
6 2921.124
8 2429.590
10 2256.254
12 2144.580
14 2171.530
16 2169.958
18 2168.720
20 2167.132
22 2405.424
24 2287.944
