2 7273.060
4 7282.447
6 7274.803
8 7373.940
10 7294.041
12 7325.998
14 7295.907
16 7281.172
18 7299.803
20 7291.240
22 7293.040
24 7272.186
2 7285.607
4 7304.857
6 7306.975
8 7288.991
10 7290.723
12 7275.757
14 7339.220
16 7301.241
18 7285.379
20 7288.799
22 7275.745
24 7299.851
2 7277.052
4 7282.691
6 7326.307
8 7291.166
10 7348.559
12 7285.407
14 7308.842
16 7287.236
18 7296.861
20 7274.901
22 7279.562
24 7281.721
2 7276.466
4 7290.153
6 7295.186
8 7292.590
10 7280.269
12 7306.464
14 7275.069
16 7300.097
18 7273.157
20 7296.095
22 7318.553
24 7301.343
2 7301.823
4 7300.667
6 7281.195
8 7274.454
10 7303.592
12 7292.157
14 7297.534
16 7306.096
18 7300.461
20 7297.164
22 7297.228
24 7301.488
2 7280.783
4 7301.972
6 7326.445
8 7291.245
10 7299.084
12 7275.576
14 7289.723
16 7296.052
18 7296.654
20 7291.487
22 7294.510
24 7293.115
2 7311.811
4 7276.886
6 7290.062
8 7297.972
10 7297.072
12 7294.016
14 7278.136
16 7277.949
18 7296.079
20 7295.346
22 7342.384
24 7297.407
2 7304.931
4 7283.589
6 7273.801
8 7277.803
10 7301.185
12 7308.493
14 7301.605
16 7318.039
18 7300.473
20 7331.656
22 7303.830
24 7280.254
2 7284.305
4 7303.155
6 7302.546
8 7272.545
10 7291.678
12 7294.794
14 7300.573
16 7274.988
18 7306.089
20 7302.669
22 7288.734
24 7309.540
2 7300.494
4 7283.058
6 7306.759
8 7284.393
10 7277.073
12 7300.598
14 7284.336
16 7276.710
18 7278.142
20 7290.715
22 7275.473
24 7299.023
