2 47.743
4 31.637
6 26.161
8 23.849
10 14.099
12 17.162
14 15.303
16 12.099
18 12.007
20 10.893
22 13.283
24 16.168
2 46.058
4 24.001
6 17.963
8 17.114
10 16.852
12 14.091
14 17.366
16 10.128
18 14.067
20 17.481
22 34.839
24 13.036
2 59.209
4 41.583
6 21.681
8 23.405
10 14.981
12 12.336
14 12.241
16 11.543
18 16.668
20 14.759
22 16.215
24 14.493
2 60.420
4 27.604
6 24.551
8 18.190
10 18.066
12 13.229
14 11.363
16 15.054
18 16.889
20 16.943
22 11.882
24 14.267
2 58.113
4 31.398
6 17.659
8 16.780
10 13.636
12 15.092
14 13.027
16 14.163
18 12.270
20 13.088
22 10.740
24 19.323
2 60.064
4 40.726
6 32.145
8 18.909
10 18.449
12 15.118
14 11.957
16 11.976
18 13.542
20 12.441
22 12.907
24 29.289
2 60.542
4 33.345
6 30.370
8 22.041
10 20.612
12 13.524
14 13.628
16 13.380
18 11.987
20 16.120
22 10.403
24 21.770
2 59.941
4 33.983
6 23.988
8 19.048
10 15.503
12 17.525
14 17.002
16 18.797
18 15.469
20 16.140
22 17.463
24 18.738
2 37.965
4 41.445
6 28.477
8 15.968
10 16.662
12 16.374
14 11.788
16 14.215
18 16.033
20 12.094
22 14.370
24 16.595
2 60.145
4 45.743
6 29.661
8 14.699
10 18.194
12 16.515
14 13.652
16 12.270
18 13.794
20 14.798
22 12.224
24 20.690
