2 45.483
4 26.167
6 25.448
8 17.471
10 18.498
12 11.441
14 11.991
16 13.674
18 11.415
20 14.118
22 13.449
24 14.872
2 45.632
4 26.369
6 22.259
8 19.818
10 16.468
12 13.766
14 10.949
16 13.059
18 14.042
20 12.237
22 15.194
24 12.273
2 45.444
4 31.324
6 20.482
8 16.546
10 14.398
12 15.499
14 16.578
16 17.023
18 13.801
20 13.566
22 15.852
24 34.787
2 42.191
4 25.971
6 22.303
8 21.349
10 15.193
12 14.752
14 13.782
16 13.979
18 10.904
20 17.848
22 9.215
24 16.356
2 43.794
4 27.247
6 17.004
8 16.918
10 13.899
12 13.817
14 19.940
16 10.486
18 11.527
20 12.845
22 13.303
24 17.794
2 45.900
4 24.957
6 19.264
8 17.262
10 14.781
12 13.531
14 12.973
16 12.260
18 9.414
20 17.219
22 14.601
24 28.238
2 42.526
4 28.894
6 19.863
8 13.301
10 11.157
12 9.586
14 12.044
16 11.848
18 10.351
20 12.819
22 21.103
24 22.202
2 45.453
4 25.872
6 23.654
8 15.645
10 17.231
12 14.585
14 17.277
16 10.907
18 10.850
20 13.055
22 13.783
24 66.435
2 43.716
4 27.625
6 20.623
8 18.299
10 13.761
12 12.278
14 13.861
16 13.376
18 8.946
20 11.547
22 11.924
24 22.130
2 43.715
4 31.624
6 20.232
8 17.714
10 15.421
12 13.889
14 12.730
16 14.255
18 10.443
20 18.121
22 9.453
24 22.056
