2 142.109
4 86.629
6 69.230
8 43.532
10 43.869
12 40.037
14 40.002
16 33.578
18 37.018
20 34.495
22 28.574
24 44.553
2 141.253
4 81.047
6 68.307
8 45.376
10 55.591
12 35.592
14 41.371
16 37.347
18 32.925
20 35.780
22 32.627
24 46.740
2 118.172
4 58.001
6 42.308
8 43.616
10 30.661
12 33.608
14 41.770
16 31.985
18 30.895
20 39.209
22 29.910
24 32.944
2 142.618
4 82.026
6 58.664
8 44.947
10 51.167
12 44.676
14 29.601
16 37.442
18 41.868
20 33.401
22 36.259
24 31.995
2 142.354
4 90.946
6 78.298
8 51.763
10 42.425
12 49.941
14 36.828
16 37.402
18 36.722
20 39.478
22 36.635
24 30.805
2 151.996
4 102.081
6 69.446
8 59.899
10 60.641
12 49.721
14 38.500
16 37.066
18 32.078
20 38.004
22 31.008
24 38.704
2 142.423
4 82.327
6 62.421
8 60.995
10 46.659
12 44.412
14 44.203
16 36.423
18 33.110
20 34.964
22 28.347
24 41.738
2 143.455
4 82.818
6 61.989
8 41.434
10 48.153
12 46.284
14 41.345
16 35.638
18 35.206
20 36.579
22 30.679
24 31.977
2 142.689
4 82.205
6 71.087
8 43.215
10 43.928
12 39.242
14 41.966
16 38.675
18 39.428
20 29.240
22 31.131
24 37.927
2 143.746
4 80.557
6 67.850
8 42.826
10 55.484
12 47.323
14 38.303
16 38.154
18 34.853
20 29.889
22 31.488
24 42.311
