2 6.072
4 6.064
6 6.081
8 6.229
10 6.072
12 6.064
14 6.061
16 6.072
18 6.073
20 6.064
22 6.072
24 6.067
2 6.434
4 6.070
6 6.090
8 6.084
10 6.064
12 6.067
14 6.073
16 6.084
18 6.080
20 6.080
22 6.079
24 6.069
2 6.337
4 6.063
6 6.070
8 6.077
10 6.245
12 6.079
14 6.055
16 6.072
18 6.071
20 6.070
22 6.063
24 6.062
2 6.075
4 6.118
6 6.059
8 6.077
10 6.065
12 6.061
14 6.052
16 6.076
18 6.088
20 6.238
22 6.071
24 6.582
2 6.075
4 6.067
6 6.060
8 6.656
10 6.063
12 6.070
14 6.073
16 6.067
18 6.076
20 6.070
22 6.072
24 6.061
2 6.073
4 6.082
6 6.066
8 6.285
10 6.071
12 6.067
14 6.256
16 6.078
18 6.063
20 6.070
22 6.076
24 6.079
2 6.083
4 6.062
6 6.079
8 6.074
10 6.115
12 6.075
14 6.071
16 6.351
18 6.074
20 6.119
22 6.078
24 6.081
2 6.067
4 6.076
6 6.063
8 6.059
10 6.084
12 6.063
14 6.068
16 6.062
18 6.225
20 6.213
22 6.218
24 6.071
2 6.063
4 6.066
6 6.088
8 6.069
10 6.073
12 6.079
14 6.074
16 6.071
18 6.072
20 6.079
22 6.081
24 6.084
2 6.082
4 6.085
6 6.439
8 6.091
10 6.074
12 6.067
14 6.072
16 6.077
18 6.119
20 6.069
22 6.612
24 6.072
