2 110.401
4 71.301
6 77.490
8 63.360
10 82.028
12 81.292
14 82.228
16 84.530
18 92.466
20 85.882
22 108.805
24 117.300
2 106.615
4 84.844
6 66.840
8 68.141
10 80.399
12 75.190
14 78.027
16 112.698
18 92.491
20 85.946
22 93.839
24 110.746
2 106.012
4 79.563
6 77.526
8 61.722
10 78.156
12 93.247
14 77.440
16 96.937
18 89.361
20 95.667
22 102.720
24 92.473
2 110.327
4 86.021
6 74.969
8 75.759
10 76.734
12 92.067
14 90.060
16 88.947
18 98.247
20 83.473
22 110.535
24 94.232
2 111.235
4 81.351
6 72.398
8 72.336
10 72.026
12 80.817
14 98.628
16 86.591
18 108.665
20 85.281
22 89.999
24 102.884
2 112.650
4 93.161
6 72.133
8 58.794
10 77.981
12 99.061
14 78.868
16 86.241
18 87.540
20 85.721
22 87.619
24 87.750
2 104.455
4 75.582
6 75.300
8 58.665
10 63.532
12 79.292
14 78.794
16 96.735
18 83.326
20 87.136
22 88.725
24 94.053
2 109.998
4 80.737
6 72.377
8 81.452
10 95.803
12 85.309
14 78.351
16 78.920
18 101.496
20 84.622
22 81.943
24 127.878
2 109.498
4 76.282
6 88.274
8 66.917
10 81.594
12 82.432
14 104.070
16 86.906
18 86.216
20 90.228
22 111.307
24 101.252
2 93.058
4 76.810
6 69.458
8 67.408
10 70.993
12 80.825
14 93.125
16 108.442
18 107.107
20 86.081
22 106.611
24 106.892
