2 1481.850
4 1483.402
6 1476.546
8 1497.633
10 1497.914
12 1485.478
14 1492.404
16 1476.992
18 1492.200
20 1502.036
22 1494.199
24 1491.983
2 1533.272
4 1490.408
6 1485.140
8 1493.492
10 1476.484
12 1494.926
14 1502.220
16 1478.977
18 1477.394
20 1476.538
22 1476.752
24 1494.922
2 1477.543
4 1497.694
6 1479.552
8 1476.767
10 1491.946
12 1494.883
14 1476.492
16 1476.757
18 1484.745
20 1494.336
22 1489.168
24 1476.686
2 1492.878
4 1480.114
6 1478.816
8 1495.992
10 1486.826
12 1476.500
14 1482.835
16 1495.211
18 1476.640
20 1488.772
22 1490.354
24 1476.622
2 1490.831
4 1476.729
6 1476.584
8 1501.776
10 1495.926
12 1494.317
14 1487.642
16 1476.686
18 1476.411
20 1504.351
22 1499.049
24 1480.133
2 1536.423
4 1485.255
6 1478.360
8 1494.288
10 1491.424
12 1493.785
14 1492.024
16 1477.321
18 1502.353
20 1476.926
22 1476.372
24 1488.601
2 1476.687
4 1491.411
6 1481.382
8 1476.852
10 1489.823
12 1502.074
14 1493.901
16 1479.373
18 1476.236
20 1476.475
22 1491.917
24 1479.208
2 1487.891
4 1492.793
6 1478.494
8 1499.571
10 1482.244
12 1481.409
14 1479.563
16 1476.440
18 1479.612
20 1506.822
22 1479.247
24 1483.763
2 1479.632
4 1485.674
6 1478.497
8 1518.982
10 1490.693
12 1496.811
14 1500.680
16 1486.772
18 1488.778
20 1480.591
22 1483.361
24 1497.545
2 1489.180
4 1500.904
6 1482.416
8 1482.208
10 1497.354
12 1488.788
14 1476.376
16 1476.316
18 1495.293
20 1489.552
22 1497.994
24 1488.519
