2 146.545
4 156.144
6 151.640
8 149.088
10 152.638
12 158.844
14 158.155
16 143.508
18 138.551
20 136.664
22 143.548
24 149.313
2 137.989
4 138.352
6 156.192
8 158.280
10 158.045
12 140.065
14 157.404
16 157.749
18 136.077
20 136.702
22 136.112
24 157.759
2 136.048
4 148.495
6 136.082
8 138.038
10 145.426
12 136.524
14 138.090
16 140.204
18 137.463
20 158.116
22 136.777
24 151.458
2 136.073
4 159.164
6 140.397
8 156.918
10 147.991
12 149.017
14 154.013
16 148.706
18 149.720
20 136.658
22 136.901
24 137.940
2 158.791
4 141.424
6 147.996
8 155.563
10 152.970
12 159.208
14 136.107
16 136.629
18 136.961
20 151.013
22 153.858
24 139.376
2 136.070
4 145.552
6 159.256
8 137.766
10 146.169
12 138.634
14 136.358
16 138.211
18 136.181
20 136.056
22 136.151
24 137.543
2 139.177
4 148.752
6 139.071
8 136.868
10 151.921
12 153.729
14 136.178
16 136.678
18 149.439
20 145.587
22 147.839
24 136.393
2 137.265
4 149.951
6 154.003
8 137.472
10 136.245
12 136.117
14 142.804
16 151.703
18 148.788
20 136.072
22 136.838
24 138.810
2 139.597
4 144.971
6 157.477
8 155.864
10 146.260
12 157.990
14 136.028
16 155.306
18 148.890
20 151.750
22 155.111
24 145.736
2 157.208
4 155.610
6 158.360
8 159.402
10 136.458
12 136.492
14 136.630
16 149.263
18 143.443
20 138.399
22 153.219
24 151.859
