2 770.257
4 433.398
6 306.426
8 252.549
10 216.470
12 179.329
14 199.190
16 163.106
18 160.031
20 164.430
22 161.864
24 187.489
2 766.051
4 451.318
6 304.080
8 244.851
10 203.792
12 175.605
14 169.983
16 164.327
18 165.308
20 165.776
22 166.019
24 165.828
2 766.972
4 435.218
6 304.437
8 236.899
10 203.655
12 213.364
14 167.753
16 166.340
18 168.652
20 158.275
22 176.118
24 163.473
2 766.077
4 432.301
6 301.603
8 244.132
10 201.509
12 208.175
14 172.919
16 171.630
18 179.116
20 174.277
22 159.838
24 158.425
2 761.905
4 436.002
6 313.334
8 224.464
10 189.195
12 193.732
14 167.986
16 168.732
18 167.808
20 154.003
22 156.550
24 177.919
2 768.823
4 416.282
6 303.311
8 229.971
10 218.062
12 192.802
14 177.026
16 162.367
18 166.952
20 155.976
22 152.651
24 154.256
2 767.438
4 430.016
6 304.578
8 241.937
10 204.791
12 186.463
14 170.248
16 170.800
18 171.477
20 164.372
22 168.020
24 153.218
2 764.208
4 427.963
6 306.625
8 223.500
10 196.922
12 184.935
14 174.012
16 171.704
18 168.880
20 159.665
22 161.999
24 165.101
2 772.523
4 415.728
6 285.603
8 242.892
10 191.617
12 194.897
14 171.894
16 173.541
18 173.304
20 162.024
22 164.457
24 162.220
2 763.679
4 441.011
6 306.647
8 234.959
10 212.346
12 181.777
14 177.222
16 169.462
18 162.619
20 158.788
22 156.255
24 155.535
