2 87.163
4 82.538
6 66.197
8 69.755
10 46.345
12 74.790
14 49.118
16 61.209
18 51.938
20 73.062
22 48.447
24 57.837
2 87.194
4 63.569
6 82.274
8 78.230
10 64.473
12 56.002
14 59.284
16 49.552
18 52.700
20 49.510
22 70.872
24 88.558
2 80.544
4 67.249
6 75.896
8 64.088
10 52.365
12 53.487
14 45.105
16 57.197
18 53.744
20 54.681
22 60.934
24 69.967
2 88.386
4 58.525
6 70.154
8 63.258
10 64.347
12 50.941
14 49.259
16 32.321
18 56.687
20 47.509
22 58.387
24 60.559
2 87.373
4 64.440
6 72.305
8 76.503
10 54.336
12 66.595
14 67.544
16 63.507
18 72.281
20 67.417
22 47.241
24 71.806
2 95.078
4 77.431
6 60.983
8 79.563
10 63.404
12 70.496
14 70.069
16 66.069
18 54.209
20 65.045
22 63.561
24 77.737
2 88.741
4 80.916
6 83.139
8 59.360
10 52.247
12 66.746
14 56.686
16 50.825
18 42.061
20 66.169
22 48.619
24 71.095
2 99.105
4 83.114
6 81.542
8 74.779
10 64.808
12 56.862
14 84.650
16 64.001
18 46.937
20 61.366
22 64.587
24 75.261
2 88.353
4 78.671
6 73.218
8 85.692
10 54.901
12 61.500
14 65.137
16 52.998
18 65.914
20 48.011
22 54.597
24 195.529
2 84.506
4 82.880
6 88.305
8 76.546
10 57.114
12 46.100
14 47.404
16 65.542
18 64.663
20 66.546
22 57.571
24 62.926
