2 1480.041
4 1473.620
6 1483.005
8 1463.795
10 1460.843
12 1473.559
14 1480.921
16 1474.454
18 1461.367
20 1474.490
22 1483.782
24 1485.181
2 1469.274
4 1464.814
6 1479.279
8 1467.924
10 1481.699
12 1477.201
14 1460.740
16 1476.744
18 1527.593
20 1482.284
22 1480.935
24 1475.484
2 1471.428
4 1461.011
6 1464.870
8 1460.778
10 1465.101
12 1460.845
14 1462.328
16 1478.131
18 1461.607
20 1469.463
22 1477.460
24 1464.078
2 1480.329
4 1466.979
6 1473.093
8 1478.749
10 1486.287
12 1474.387
14 1480.520
16 1470.151
18 1465.194
20 1481.803
22 1476.686
24 1484.419
2 1470.106
4 1467.971
6 1465.033
8 1483.700
10 1460.729
12 1460.961
14 1481.602
16 1470.000
18 1480.582
20 1472.298
22 1474.938
24 1486.367
2 1461.459
4 1484.224
6 1486.337
8 1470.677
10 1482.217
12 1509.668
14 1479.224
16 1482.353
18 1472.312
20 1481.849
22 1483.651
24 1460.779
2 1461.939
4 1485.670
6 1481.896
8 1478.016
10 1465.017
12 1472.873
14 1483.189
16 1474.729
18 1463.115
20 1472.824
22 1510.884
24 1475.706
2 1482.111
4 1474.676
6 1482.045
8 1486.024
10 1483.403
12 1482.875
14 1484.655
16 1475.099
18 1482.541
20 1477.004
22 1481.133
24 1474.308
2 1464.047
4 1460.800
6 1479.274
8 1464.629
10 1462.502
12 1463.823
14 1460.882
16 1468.717
18 1487.016
20 1478.103
22 1482.468
24 1483.180
2 1461.938
4 1482.770
6 1490.549
8 1482.453
10 1475.926
12 1461.051
14 1468.233
16 1464.176
18 1476.332
20 1460.846
22 1484.790
24 1461.684
