2 834.731
4 425.531
6 334.864
8 294.032
10 241.862
12 282.925
14 238.851
16 204.837
18 192.206
20 196.339
22 163.536
24 181.164
2 835.566
4 458.242
6 282.249
8 229.314
10 191.794
12 270.100
14 252.616
16 215.231
18 201.528
20 163.905
22 166.736
24 177.413
2 836.400
4 428.639
6 299.921
8 229.027
10 257.499
12 154.877
14 252.383
16 200.665
18 189.548
20 182.521
22 154.191
24 163.036
2 833.261
4 424.657
6 296.163
8 226.985
10 200.716
12 272.932
14 232.518
16 203.393
18 187.239
20 178.456
22 156.567
24 213.398
2 836.671
4 425.418
6 300.620
8 229.097
10 194.408
12 279.709
14 243.495
16 203.235
18 212.050
20 181.900
22 159.089
24 164.859
2 837.801
4 439.092
6 298.580
8 229.449
10 171.662
12 195.851
14 233.248
16 204.851
18 191.861
20 187.456
22 182.327
24 151.471
2 834.151
4 430.690
6 307.598
8 228.462
10 229.079
12 262.462
14 239.747
16 219.899
18 196.932
20 170.181
22 168.885
24 243.665
2 825.981
4 432.656
6 308.697
8 298.354
10 178.524
12 169.943
14 244.882
16 203.818
18 201.578
20 175.976
22 176.996
24 153.626
2 833.624
4 502.190
6 307.164
8 232.429
10 183.863
12 278.243
14 246.138
16 215.353
18 187.841
20 168.270
22 159.375
24 157.263
2 833.569
4 411.547
6 309.625
8 232.574
10 316.102
12 290.066
14 225.484
16 211.330
18 187.005
20 184.256
22 158.920
24 178.694
