2 753.919
4 391.542
6 258.178
8 200.538
10 173.717
12 149.071
14 160.561
16 145.454
18 127.688
20 131.697
22 106.676
24 104.401
2 753.240
4 394.086
6 269.653
8 232.038
10 178.356
12 184.389
14 174.669
16 143.584
18 134.989
20 131.866
22 123.880
24 103.028
2 753.818
4 391.633
6 273.129
8 260.814
10 148.265
12 145.425
14 170.959
16 143.223
18 145.444
20 113.399
22 126.433
24 105.151
2 753.383
4 391.032
6 280.939
8 207.999
10 173.356
12 142.812
14 171.869
16 157.484
18 133.626
20 131.193
22 112.595
24 97.937
2 753.290
4 386.784
6 274.102
8 184.980
10 216.806
12 189.174
14 168.869
16 149.875
18 129.385
20 121.288
22 110.260
24 114.271
2 756.865
4 385.107
6 243.776
8 259.438
10 167.081
12 188.419
14 175.402
16 143.709
18 129.798
20 129.323
22 106.831
24 134.712
2 754.516
4 391.965
6 273.674
8 208.145
10 185.219
12 193.046
14 163.659
16 159.568
18 127.080
20 122.698
22 125.919
24 126.605
2 753.024
4 373.278
6 274.201
8 253.571
10 147.406
12 205.818
14 180.316
16 142.761
18 144.492
20 113.630
22 110.064
24 103.950
2 754.032
4 382.540
6 273.265
8 196.984
10 242.423
12 145.109
14 180.260
16 150.449
18 143.434
20 128.573
22 105.612
24 122.799
2 753.441
4 386.678
6 257.338
8 228.075
10 215.772
12 160.171
14 162.104
16 142.095
18 144.545
20 112.491
22 105.972
24 129.712
