2 297830.183
4 287679.801
6 290575.800
8 293761.421
10 295264.088
12 295929.178
14 302364.288
16 300244.679
18 298692.285
20 305933.338
22 312217.950
24 303642.257
2 302436.799
4 308792.281
6 309290.087
8 313964.442
10 314720.819
12 309858.660
14 316279.302
16 316031.507
18 310487.844
20 305346.448
22 318971.531
24 318569.033
2 297830.183
4 287679.801
6 290575.800
8 293761.421
10 295264.088
12 295929.178
14 302364.288
16 300244.679
18 298692.285
20 305933.338
22 312217.950
24 303642.257
2 302436.799
4 308792.281
6 309290.087
8 313964.442
10 314720.819
12 309858.660
14 316279.302
16 316031.507
18 310487.844
20 305346.448
22 318971.531
24 318569.033
2 297830.183
4 287679.801
6 290575.800
8 293761.421
10 295264.088
12 295929.178
14 302364.288
16 300244.679
18 298692.285
20 305933.338
22 312217.950
24 303642.257
2 302436.799
4 308792.281
6 309290.087
8 313964.442
10 314720.819
12 309858.660
14 316279.302
16 316031.507
18 310487.844
20 305346.448
22 318971.531
24 318569.033
2 297830.183
4 287679.801
6 290575.800
8 293761.421
10 295264.088
12 295929.178
14 302364.288
16 300244.679
18 298692.285
20 305933.338
22 312217.950
24 303642.257
2 302436.799
4 308792.281
6 309290.087
8 313964.442
10 314720.819
12 309858.660
14 316279.302
16 316031.507
18 310487.844
20 305346.448
22 318971.531
24 318569.033
2 297830.183
4 287679.801
6 290575.800
8 293761.421
10 295264.088
12 295929.178
14 302364.288
16 300244.679
18 298692.285
20 305933.338
22 312217.950
24 303642.257
2 302436.799
4 308792.281
6 309290.087
8 313964.442
10 314720.819
12 309858.660
14 316279.302
16 316031.507
18 310487.844
20 305346.448
22 318971.531
24 318569.033
