2 575.960
4 565.076
6 562.921
8 563.513
10 564.161
12 563.336
14 562.748
16 563.446
18 562.814
20 563.865
22 564.196
24 563.427
2 563.598
4 562.852
6 563.755
8 563.286
10 563.242
12 563.576
14 563.098
16 563.285
18 564.262
20 564.661
22 564.136
24 581.143
2 564.169
4 564.676
6 566.253
8 588.571
10 570.596
12 563.294
14 563.453
16 586.572
18 568.571
20 564.131
22 564.700
24 568.146
2 576.081
4 570.180
6 574.750
8 566.465
10 567.006
12 577.043
14 573.496
16 579.790
18 569.473
20 563.944
22 577.093
24 568.195
2 564.237
4 571.637
6 577.704
8 573.600
10 563.714
12 564.634
14 577.057
16 567.654
18 563.856
20 564.569
22 564.688
24 563.974
2 566.234
4 572.848
6 566.444
8 564.578
10 571.077
12 564.104
14 564.850
16 564.516
18 565.695
20 565.549
22 571.829
24 572.602
2 565.941
4 565.008
6 578.974
8 572.094
10 568.388
12 590.850
14 572.336
16 565.992
18 568.413
20 564.526
22 571.025
24 565.291
2 566.506
4 576.582
6 572.335
8 570.453
10 578.338
12 581.987
14 577.107
16 591.262
18 577.095
20 577.041
22 577.797
24 572.054
2 587.441
4 571.771
6 595.512
8 578.694
10 571.071
12 567.873
14 571.592
16 566.053
18 586.567
20 571.811
22 572.853
24 565.701
2 566.213
4 570.516
6 571.198
8 566.199
10 565.615
12 565.228
14 578.053
16 565.195
18 565.505
20 565.680
22 567.354
24 565.855
