2 6764.011
4 3682.953
6 2591.507
8 2046.829
10 1730.001
12 2416.203
14 2143.641
16 1820.187
18 1699.883
20 1492.730
22 1434.395
24 7559.381
2 6737.274
4 3650.053
6 2563.014
8 2027.266
10 1868.850
12 2166.241
14 2160.246
16 1841.187
18 1659.329
20 1534.042
22 1427.516
24 7572.176
2 6701.867
4 3652.245
6 2581.311
8 1994.768
10 1742.950
12 2151.661
14 2118.946
16 1952.135
18 1721.040
20 1530.256
22 1427.779
24 7544.776
2 6812.059
4 3638.462
6 2576.003
8 2035.468
10 1772.758
12 2192.207
14 2164.662
16 1920.254
18 1705.251
20 1493.227
22 1385.800
24 7499.518
2 6747.584
4 3660.845
6 2581.624
8 2018.750
10 1791.542
12 2209.339
14 2047.332
16 1838.883
18 1613.854
20 1481.956
22 1390.797
24 7566.504
2 6652.634
4 3640.335
6 2583.344
8 2054.259
10 1730.679
12 2151.993
14 1921.476
16 1826.247
18 1661.131
20 1541.160
22 1412.583
24 7549.997
2 6720.297
4 3676.916
6 2575.249
8 2109.411
10 1890.450
12 2324.497
14 2139.115
16 1917.136
18 1685.896
20 1530.633
22 1436.293
24 7564.145
2 6746.433
4 3635.582
6 2553.671
8 2009.488
10 1740.857
12 2367.118
14 2167.120
16 1923.651
18 1753.142
20 1542.380
22 1441.240
24 7585.313
2 6708.799
4 3637.006
6 2573.568
8 2010.540
10 1810.983
12 2209.226
14 2026.199
16 1845.945
18 1656.822
20 1526.313
22 1423.137
24 7555.653
2 6553.682
4 3655.189
6 2562.004
8 2002.642
10 1743.791
12 2197.407
14 2164.930
16 1844.418
18 1708.077
20 1583.891
22 1425.363
24 7545.953
