2 12513.042
4 12964.441
6 13263.824
8 12906.748
10 13140.807
12 13267.784
14 12870.397
16 13292.627
18 12955.825
20 13285.610
22 12986.190
24 13269.102
2 13253.094
4 12985.701
6 12942.508
8 12926.451
10 12964.094
12 13205.286
14 13204.977
16 12972.453
18 13214.604
20 13340.669
22 12965.248
24 13111.021
2 13081.231
4 13029.219
6 13170.167
8 13227.682
10 13301.441
12 12992.033
14 12866.395
16 13148.722
18 13182.463
20 13047.935
22 13274.998
24 12778.892
2 12930.921
4 13102.114
6 13275.575
8 13105.982
10 13162.796
12 12503.358
14 12787.810
16 13035.611
18 13154.504
20 12869.772
22 13208.039
24 13051.390
2 13235.635
4 12930.655
6 13176.479
8 12990.728
10 12865.146
12 12628.867
14 12704.642
16 13138.609
18 12942.425
20 12919.135
22 12707.793
24 12959.964
2 12987.321
4 12864.880
6 12972.492
8 13073.081
10 12899.881
12 12821.302
14 12913.194
16 13428.556
18 13244.029
20 12776.067
22 12643.817
24 13267.608
2 13126.244
4 13183.731
6 12750.239
8 13281.538
10 12861.795
12 13149.923
14 13186.916
16 13253.451
18 12866.002
20 13210.630
22 13248.510
24 13213.992
2 13101.597
4 13153.990
6 13125.490
8 13113.996
10 13066.260
12 13063.824
14 13056.051
16 13229.906
18 13098.540
20 13152.845
22 13117.699
24 13056.871
2 13286.639
4 13239.405
6 13204.775
8 13004.133
10 13291.132
12 13253.521
14 13163.600
16 13277.429
18 13296.201
20 13227.583
22 13131.322
24 13265.492
2 12960.902
4 13207.525
6 12993.685
8 12971.752
10 12849.478
12 13277.071
14 12852.548
16 13110.298
18 13255.422
20 12802.898
22 13093.778
24 12750.428
