2 1731.841
4 1753.073
6 1757.707
8 1720.400
10 1751.128
12 1770.711
14 1715.724
16 1729.483
18 1756.628
20 1744.425
22 1752.085
24 1791.223
2 1749.685
4 1760.732
6 1751.233
8 1766.099
10 1747.781
12 1752.000
14 1746.686
16 1720.530
18 1751.023
20 1741.992
22 1778.040
24 1744.972
2 1746.735
4 1751.175
6 1762.909
8 1761.862
10 1771.831
12 1756.778
14 1768.108
16 1766.381
18 1904.947
20 1763.642
22 1758.227
24 1764.840
2 1750.865
4 1760.938
6 1761.177
8 1778.966
10 1746.762
12 1761.383
14 1770.299
16 1757.486
18 1762.832
20 1760.764
22 1762.295
24 1752.348
2 1758.784
4 1763.277
6 1832.716
8 1962.103
10 1764.591
12 1777.910
14 1761.677
16 1781.234
18 1771.915
20 1781.557
22 1778.616
24 1863.853
2 1757.912
4 1767.315
6 1763.892
8 1766.687
10 1758.369
12 1775.935
14 1774.868
16 1759.775
18 1760.979
20 1770.717
22 1763.838
24 1758.648
2 1764.796
4 1799.294
6 1762.947
8 1759.709
10 1749.238
12 1773.299
14 1794.576
16 1773.247
18 1774.412
20 1774.094
22 1766.749
24 1800.778
2 1775.503
4 1799.187
6 1804.992
8 1829.000
10 1785.975
12 1789.049
14 1777.017
16 1851.055
18 1770.743
20 1797.768
22 1797.414
24 1768.151
2 1811.688
4 1788.520
6 1779.719
8 1771.413
10 1864.787
12 1800.358
14 1924.289
16 1868.425
18 1908.097
20 1779.653
22 1802.242
24 1832.525
2 1826.437
4 1809.948
6 1835.390
8 1809.004
10 1819.383
12 1817.348
14 1839.334
16 1813.497
18 1815.489
20 1809.744
22 1800.003
24 1936.299
