2 6543.068
4 3328.303
6 2285.419
8 1765.438
10 1640.795
12 1938.403
14 1823.936
16 1511.900
18 1258.469
20 1120.712
22 1032.627
24 7431.916
2 6508.743
4 3253.807
6 2218.901
8 1672.307
10 1472.174
12 1879.931
14 1591.573
16 1400.399
18 1241.107
20 1123.216
22 1024.744
24 7419.786
2 6557.383
4 3272.465
6 2196.786
8 1731.484
10 1411.941
12 1841.033
14 1596.063
16 1401.406
18 1385.975
20 1123.872
22 1071.034
24 7335.781
2 6488.161
4 3257.151
6 2173.847
8 1632.838
10 1449.687
12 1840.001
14 1585.618
16 1392.090
18 1236.104
20 1138.796
22 1065.431
24 7421.115
2 6407.874
4 3253.963
6 2218.342
8 1679.181
10 1393.426
12 1843.623
14 1593.112
16 1423.860
18 1252.893
20 1135.513
22 1028.549
24 7408.785
2 6506.322
4 3262.706
6 2216.757
8 1661.240
10 1353.237
12 1856.598
14 1594.284
16 1395.816
18 1249.264
20 1123.071
22 1250.603
24 7448.973
2 6437.033
4 3253.729
6 2194.368
8 1653.208
10 1368.881
12 1849.535
14 1603.207
16 1411.801
18 1255.193
20 1126.124
22 1028.463
24 7419.558
2 6332.917
4 3257.780
6 2204.820
8 1725.979
10 1723.802
12 1850.933
14 1602.181
16 1411.946
18 1246.492
20 1114.952
22 1053.163
24 7416.333
2 6665.127
4 3281.533
6 2237.414
8 1760.676
10 2140.231
12 1858.088
14 1590.537
16 1406.569
18 1246.202
20 1168.369
22 3592.904
24 7500.397
2 6516.509
4 3261.024
6 2198.752
8 1781.590
10 2120.390
12 1857.781
14 1602.682
16 1408.950
18 1249.338
20 1199.888
22 5574.938
24 7404.279
