2 13001.968
4 13138.158
6 13019.950
8 12781.027
10 13067.907
12 12748.717
14 12926.417
16 12758.303
18 12749.975
20 12722.859
22 12745.541
24 12751.572
2 12759.723
4 12477.502
6 12827.023
8 13073.147
10 12711.281
12 12925.692
14 12914.260
16 13030.169
18 12776.561
20 12687.666
22 12713.189
24 12870.908
2 12827.867
4 12776.897
6 12864.294
8 12935.337
10 12870.950
12 13128.864
14 12399.237
16 13096.718
18 12701.014
20 12621.629
22 12883.004
24 12848.837
2 12740.163
4 12513.237
6 12586.974
8 12950.278
10 12970.271
12 13074.417
14 12782.759
16 12961.457
18 12719.309
20 12844.035
22 12744.468
24 13033.940
2 13108.914
4 12687.949
6 12998.821
8 12922.582
10 13005.788
12 12989.464
14 13101.516
16 13102.306
18 13015.445
20 13043.964
22 12614.102
24 12597.321
2 12905.788
4 12935.063
6 12763.456
8 12819.824
10 12795.525
12 12846.857
14 12981.997
16 13074.091
18 12938.368
20 12676.203
22 12904.732
24 12809.375
2 12690.643
4 13093.919
6 12990.393
8 12875.645
10 12831.322
12 12466.521
14 12484.819
16 12895.648
18 13010.645
20 13037.477
22 12856.671
24 12533.667
2 12601.017
4 12584.564
6 12709.264
8 12758.827
10 12644.968
12 12577.377
14 12871.956
16 12862.288
18 12740.257
20 12548.888
22 12742.104
24 12514.267
2 12399.554
4 12618.646
6 12801.682
8 12855.271
10 12917.097
12 12673.791
14 12610.830
16 12490.763
18 12833.999
20 12627.658
22 12902.956
24 12925.841
2 13012.939
4 12738.546
6 12555.168
8 12822.234
10 12987.988
12 13006.500
14 12725.011
16 12694.232
18 12796.183
20 12743.445
22 12902.410
24 13063.405
