2 95.363
4 41.650
6 42.831
8 39.027
10 25.486
12 26.722
14 19.450
16 23.623
18 22.139
20 19.203
22 23.340
24 41.481
2 94.364
4 48.750
6 27.983
8 28.852
10 27.228
12 23.842
14 21.863
16 24.243
18 24.059
20 26.900
22 41.582
24 31.460
2 94.960
4 31.807
6 40.902
8 35.069
10 27.589
12 26.691
14 22.888
16 23.307
18 21.734
20 19.009
22 24.662
24 57.225
2 90.258
4 50.589
6 36.845
8 26.024
10 22.955
12 27.624
14 21.084
16 21.075
18 23.382
20 20.490
22 22.050
24 28.697
2 72.135
4 40.275
6 29.945
8 25.729
10 24.886
12 25.728
14 26.605
16 23.504
18 25.865
20 22.197
22 26.529
24 25.974
2 72.262
4 55.795
6 27.170
8 25.082
10 23.347
12 27.218
14 24.083
16 22.786
18 22.881
20 21.562
22 20.045
24 25.436
2 74.888
4 41.025
6 29.546
8 25.157
10 25.541
12 17.488
14 16.647
16 22.454
18 17.751
20 22.544
22 24.942
24 24.650
2 71.902
4 37.698
6 28.975
8 24.997
10 25.568
12 24.508
14 22.138
16 22.773
18 20.673
20 20.501
22 20.919
24 28.813
2 73.594
4 48.937
6 34.351
8 30.377
10 30.078
12 18.997
14 26.122
16 20.428
18 24.455
20 19.199
22 29.483
24 25.557
2 87.298
4 55.931
6 42.381
8 26.883
10 23.370
12 26.292
14 21.047
16 24.317
18 27.580
20 26.395
22 22.904
24 112.112
