2 139.745
4 79.456
6 81.155
8 55.526
10 62.361
12 47.616
14 49.545
16 34.655
18 38.576
20 34.113
22 44.314
24 39.192
2 139.184
4 77.933
6 67.589
8 48.987
10 63.064
12 37.520
14 57.602
16 35.286
18 39.129
20 32.241
22 37.550
24 39.972
2 133.782
4 78.838
6 81.240
8 35.123
10 33.701
12 44.056
14 55.202
16 31.610
18 33.759
20 33.908
22 40.482
24 49.355
2 138.684
4 85.262
6 72.806
8 47.203
10 49.132
12 57.974
14 62.126
16 34.708
18 32.536
20 37.499
22 80.545
24 37.651
2 138.627
4 74.988
6 74.514
8 44.148
10 55.109
12 45.701
14 52.864
16 27.471
18 37.681
20 33.589
22 42.034
24 40.432
2 139.135
4 79.645
6 66.986
8 61.556
10 50.559
12 46.677
14 45.554
16 39.585
18 31.714
20 40.280
22 35.966
24 49.500
2 139.697
4 71.301
6 59.716
8 45.778
10 48.035
12 45.886
14 46.383
16 32.589
18 38.639
20 38.349
22 44.274
24 41.119
2 139.564
4 80.815
6 73.492
8 43.883
10 38.529
12 41.108
14 35.468
16 34.613
18 40.927
20 41.491
22 40.446
24 59.963
2 138.969
4 79.724
6 68.231
8 45.652
10 58.995
12 43.624
14 48.585
16 37.173
18 38.143
20 35.906
22 36.863
24 44.592
2 138.060
4 78.547
6 64.734
8 62.611
10 48.834
12 49.442
14 44.899
16 28.920
18 28.454
20 35.994
22 39.336
24 40.627
