2 48.324
4 23.579
6 26.494
8 17.614
10 12.446
12 13.641
14 11.955
16 14.111
18 13.506
20 14.447
22 22.026
24 15.603
2 57.470
4 27.177
6 23.614
8 20.962
10 13.026
12 11.629
14 13.159
16 14.037
18 14.190
20 14.390
22 13.623
24 16.628
2 56.761
4 30.734
6 22.378
8 22.173
10 14.306
12 10.971
14 13.768
16 16.030
18 13.944
20 12.905
22 11.805
24 31.517
2 51.958
4 33.788
6 32.913
8 20.241
10 15.286
12 16.055
14 14.097
16 13.320
18 10.643
20 13.743
22 9.604
24 21.444
2 59.812
4 38.609
6 27.430
8 18.712
10 16.204
12 16.496
14 14.268
16 13.894
18 13.552
20 20.919
22 13.594
24 19.106
2 59.764
4 33.710
6 15.939
8 18.266
10 15.101
12 16.128
14 13.867
16 13.461
18 16.727
20 12.447
22 15.942
24 17.422
2 59.872
4 33.006
6 22.858
8 20.006
10 14.351
12 11.774
14 9.630
16 13.699
18 14.512
20 15.362
22 13.935
24 20.130
2 60.324
4 32.978
6 22.694
8 21.766
10 13.234
12 13.681
14 15.614
16 12.570
18 10.091
20 17.237
22 15.909
24 19.895
2 55.449
4 30.786
6 25.135
8 22.850
10 20.475
12 14.389
14 11.584
16 12.069
18 14.144
20 14.201
22 11.663
24 10.030
2 59.463
4 29.272
6 18.960
8 15.500
10 15.236
12 18.179
14 13.458
16 11.664
18 13.570
20 11.277
22 16.627
24 31.972
