2 6702.185
4 3589.080
6 2484.592
8 2163.992
10 1714.103
12 1537.589
14 1516.939
16 1444.941
18 1452.131
20 1435.019
22 1457.733
24 1512.745
2 6757.554
4 3588.376
6 2475.867
8 2174.404
10 1681.557
12 1541.870
14 1546.588
16 1431.950
18 1449.912
20 1454.438
22 1466.451
24 1528.339
2 6796.813
4 3558.234
6 2453.015
8 2176.516
10 1699.388
12 1538.326
14 1501.838
16 1410.494
18 1453.604
20 1468.974
22 1474.914
24 1509.290
2 6651.918
4 3592.934
6 2465.582
8 2160.864
10 1697.637
12 1547.098
14 1499.358
16 1422.609
18 1459.694
20 1490.104
22 1452.112
24 1734.899
2 6822.721
4 3584.671
6 2471.860
8 2176.333
10 1687.440
12 1554.403
14 1519.944
16 1447.159
18 1416.558
20 1428.713
22 1503.627
24 1743.225
2 6739.284
4 3580.660
6 2473.449
8 2137.992
10 1729.279
12 1546.803
14 1512.736
16 1493.800
18 1419.137
20 1439.015
22 1449.392
24 1488.191
2 6772.737
4 3576.085
6 2493.829
8 2140.822
10 1675.406
12 1543.995
14 1527.883
16 1425.598
18 1439.928
20 1443.498
22 1449.532
24 1754.855
2 6744.081
4 3552.816
6 2481.762
8 2163.645
10 1708.798
12 1543.506
14 1511.001
16 1422.951
18 1433.022
20 1460.904
22 1455.317
24 1751.416
2 6737.380
4 3604.323
6 2493.531
8 2176.812
10 1700.420
12 1544.039
14 1525.985
16 1437.762
18 1415.764
20 1475.269
22 1450.534
24 1747.758
2 6720.297
4 3560.223
6 2459.164
8 2165.727
10 1694.955
12 1546.706
14 1519.791
16 1498.442
18 1413.000
20 1458.516
22 1466.440
24 1504.881
