2 4022.835
4 2138.087
6 1492.079
8 1147.795
10 1009.291
12 863.918
14 869.642
16 852.952
18 832.927
20 817.701
22 787.395
24 1036.955
2 4007.327
4 2128.262
6 1485.586
8 1140.772
10 970.932
12 879.217
14 867.844
16 855.050
18 839.386
20 822.799
22 785.071
24 785.600
2 4024.048
4 2133.762
6 1491.707
8 1156.604
10 965.566
12 903.906
14 866.910
16 858.247
18 852.961
20 821.864
22 813.602
24 784.412
2 3995.158
4 2130.855
6 1500.046
8 1149.697
10 970.949
12 881.809
14 864.050
16 852.955
18 837.889
20 838.321
22 782.223
24 789.561
2 4051.736
4 2132.129
6 1484.872
8 1140.229
10 991.553
12 892.446
14 866.828
16 847.134
18 833.086
20 837.875
22 782.090
24 777.373
2 4004.548
4 2134.115
6 1481.583
8 1154.871
10 966.055
12 895.125
14 903.319
16 852.934
18 838.466
20 847.384
22 788.946
24 804.942
2 4010.458
4 2159.580
6 1474.644
8 1151.735
10 964.482
12 899.511
14 865.759
16 855.006
18 838.751
20 831.956
22 789.835
24 805.398
2 4022.291
4 2131.766
6 1475.548
8 1157.647
10 1035.688
12 887.402
14 882.069
16 856.448
18 852.065
20 817.579
22 810.472
24 878.045
2 4010.126
4 2129.502
6 1489.642
8 1155.045
10 972.872
12 922.376
14 882.374
16 869.088
18 836.325
20 823.999
22 783.283
24 1038.266
2 4025.875
4 2131.773
6 1495.717
8 1153.625
10 974.347
12 865.260
14 879.412
16 848.069
18 834.990
20 820.711
22 792.668
24 800.805
