2 11782.302
4 5863.106
6 4156.899
8 2994.057
10 2866.317
12 2608.630
14 2818.862
16 2390.029
18 2341.613
20 2316.910
22 1858.828
24 2095.047
2 11660.377
4 5836.167
6 4177.801
8 2985.053
10 2863.425
12 2758.689
14 2704.853
16 2378.707
18 2312.405
20 2470.357
22 1921.543
24 2159.658
2 11728.741
4 5836.130
6 4248.121
8 2998.028
10 2802.306
12 2496.847
14 2818.374
16 2343.455
18 2364.356
20 2316.707
22 1895.674
24 2113.988
2 11684.267
4 5841.774
6 4216.636
8 3050.426
10 2799.328
12 2555.697
14 2846.649
16 2283.935
18 2377.322
20 2268.474
22 1926.458
24 1859.038
2 11696.133
4 5842.257
6 4153.317
8 3008.091
10 2868.037
12 2528.868
14 2789.760
16 2535.066
18 2354.274
20 2362.896
22 1900.518
24 1912.446
2 11662.270
4 5871.758
6 4164.212
8 3039.747
10 2847.372
12 2408.178
14 2854.948
16 2300.547
18 2371.294
20 2331.511
22 1913.624
24 1978.987
2 11700.548
4 5840.744
6 4243.034
8 3010.015
10 2854.854
12 2558.721
14 2724.344
16 2339.699
18 2262.608
20 2297.250
22 1875.923
24 1857.360
2 11783.316
4 5837.381
6 4228.301
8 3054.068
10 2833.667
12 2595.467
14 2726.526
16 2363.144
18 2325.970
20 2575.948
22 1927.902
24 2142.362
2 11751.777
4 5891.679
6 4226.436
8 3005.297
10 2831.511
12 2563.882
14 2781.618
16 2360.505
18 2317.167
20 2355.381
22 1969.923
24 2113.048
2 11714.760
4 5825.246
6 4233.567
8 3078.006
10 2820.573
12 2633.482
14 2754.780
16 2268.274
18 2365.439
20 2311.155
22 1831.769
24 2132.061
