2 7615.363
4 7508.066
6 7570.068
8 7543.143
10 7557.945
12 7598.041
14 8562.992
16 8784.616
18 9432.536
20 10161.498
22 10713.020
24 11625.330
2 7540.828
4 7585.280
6 7518.956
8 7520.674
10 7541.813
12 7600.673
14 8463.076
16 8949.494
18 9500.138
20 10262.204
22 10578.480
24 11510.046
2 7616.077
4 7512.020
6 7502.804
8 7587.690
10 7538.723
12 7570.228
14 8493.786
16 8819.906
18 9730.331
20 10430.389
22 10768.601
24 11516.356
2 7528.497
4 7510.576
6 7517.756
8 7542.764
10 7531.730
12 7635.700
14 8441.987
16 8918.393
18 9670.907
20 10027.571
22 10650.477
24 11665.583
2 7502.758
4 7588.100
6 7518.779
8 7551.101
10 7543.949
12 7556.968
14 8489.047
16 9224.821
18 9829.628
20 10295.097
22 10434.260
24 11557.741
2 7508.091
4 7588.815
6 7514.444
8 7519.321
10 7567.721
12 7585.184
14 8503.056
16 9178.920
18 10140.190
20 10386.495
22 10552.177
24 11712.652
2 7595.555
4 7518.784
6 7577.739
8 7593.041
10 7572.036
12 7561.233
14 8342.173
16 8818.865
18 9726.890
20 10360.758
22 10620.109
24 11516.147
2 7524.503
4 7564.914
6 7529.067
8 7527.742
10 7520.788
12 7560.318
14 8493.107
16 9258.240
18 9765.860
20 10195.549
22 10905.452
24 11520.573
2 7618.787
4 7499.052
6 7552.343
8 7515.070
10 7535.048
12 7654.217
14 8546.325
16 9506.372
18 9643.600
20 10479.644
22 10666.864
24 11545.259
2 7517.104
4 7560.688
6 7512.417
8 7569.621
10 7603.887
12 7600.446
14 8543.887
16 9405.824
18 9983.752
20 10418.666
22 10838.646
24 11552.513
