2 7479.121
4 7432.168
6 7467.456
8 7397.495
10 7449.407
12 7421.712
14 7419.456
16 7422.631
18 7432.882
20 7399.806
22 7403.813
24 7408.292
2 7426.162
4 7430.019
6 7414.119
8 7420.653
10 7424.624
12 7427.951
14 7403.157
16 7426.854
18 7415.270
20 7430.723
22 7424.975
24 7425.562
2 7445.081
4 7446.127
6 7405.208
8 7428.960
10 7408.047
12 7411.022
14 7421.575
16 7410.207
18 7429.706
20 7422.419
22 7436.917
24 7441.286
2 7411.230
4 7472.164
6 7409.678
8 7423.375
10 7402.095
12 7403.793
14 7445.210
16 7421.260
18 7403.672
20 7422.312
22 7412.240
24 7420.016
2 7427.384
4 7480.631
6 7429.973
8 7409.667
10 7411.984
12 7428.998
14 7406.040
16 7423.009
18 7448.578
20 7422.804
22 7420.742
24 7429.852
2 7398.734
4 7415.829
6 7419.822
8 7422.268
10 7427.026
12 7420.062
14 7425.237
16 7425.211
18 7425.144
20 7419.472
22 7437.618
24 7421.374
2 7416.579
4 7400.337
6 7468.645
8 7405.684
10 7426.057
12 7427.906
14 7426.006
16 7414.319
18 7419.876
20 7427.185
22 7443.649
24 7418.508
2 7404.769
4 7418.578
6 7427.707
8 7419.526
10 7447.147
12 7405.092
14 7423.552
16 7416.176
18 7421.517
20 7418.203
22 7422.743
24 7424.016
2 7419.664
4 7428.068
6 7429.156
8 7427.867
10 7431.415
12 7424.822
14 7410.759
16 7432.909
18 7422.613
20 7425.971
22 7422.712
24 7404.789
2 7426.428
4 7422.008
6 7433.401
8 7405.690
10 7447.274
12 7424.487
14 7414.423
16 7450.754
18 7454.830
20 7399.137
22 7412.603
24 7415.244
