2 12536.369
4 12493.998
6 12489.919
8 12540.925
10 12603.882
12 12468.660
14 12471.270
16 12536.888
18 12570.260
20 12485.998
22 12478.118
24 12507.921
2 12546.614
4 12506.814
6 12481.695
8 12547.002
10 12482.730
12 12489.506
14 12479.079
16 12485.544
18 12580.758
20 12583.247
22 12615.489
24 12525.136
2 12551.751
4 12503.325
6 12479.628
8 12477.070
10 12499.871
12 12541.066
14 12487.869
16 12474.975
18 12496.486
20 12475.232
22 12530.171
24 12506.998
2 12537.997
4 12509.257
6 12549.878
8 12512.149
10 12515.671
12 12484.002
14 12524.000
16 12495.827
18 12533.997
20 12488.517
22 12510.604
24 12543.273
2 12536.227
4 12452.177
6 12482.214
8 12530.223
10 12529.465
12 12493.799
14 12536.095
16 12485.155
18 12544.117
20 12586.806
22 12547.158
24 12544.584
2 12483.320
4 12518.777
6 12480.399
8 12492.528
10 12496.435
12 12467.261
14 12540.081
16 12524.567
18 12506.476
20 12530.285
22 12540.668
24 12522.048
2 12526.084
4 12483.178
6 12471.091
8 12536.293
10 12484.845
12 12480.112
14 12481.406
16 12489.474
18 12501.970
20 12531.258
22 12507.674
24 12543.394
2 12484.581
4 12491.642
6 12554.662
8 12488.046
10 12534.466
12 12560.898
14 12505.120
16 12555.920
18 12481.054
20 12480.270
22 12575.421
24 12539.407
2 12476.796
4 12477.355
6 12541.077
8 12473.070
10 12489.076
12 12482.097
14 12874.491
16 12499.999
18 12492.709
20 12546.494
22 12484.701
24 12625.968
2 12482.747
4 12492.765
6 12518.590
8 12503.863
10 12491.214
12 12477.798
14 12505.484
16 12491.161
18 12478.752
20 12571.767
22 12526.412
24 12483.607
