2 7082.709
4 7076.946
6 7089.374
8 7089.773
10 7108.228
12 7081.877
14 7113.350
16 7084.057
18 7089.872
20 7088.255
22 7090.090
24 7087.419
2 7092.674
4 7063.168
6 7093.322
8 7116.091
10 7110.609
12 7084.855
14 7076.086
16 7066.123
18 7104.583
20 7082.019
22 7064.688
24 7083.400
2 7075.053
4 7091.942
6 7087.670
8 7075.471
10 7074.262
12 7065.004
14 7081.572
16 7111.205
18 7062.341
20 7091.349
22 7065.852
24 7093.483
2 7086.791
4 7094.904
6 7087.807
8 7120.971
10 7086.823
12 7113.617
14 7063.055
16 7076.514
18 7061.608
20 7136.514
22 7081.568
24 7067.579
2 7109.057
4 7076.764
6 7090.201
8 7075.718
10 7089.853
12 7091.792
14 7089.953
16 7078.333
18 7088.385
20 7090.533
22 7083.801
24 7072.499
2 7084.596
4 7085.991
6 7080.917
8 7077.970
10 7085.358
12 7085.774
14 7097.860
16 7084.367
18 7085.622
20 7073.148
22 7080.259
24 7090.807
2 7088.796
4 7084.990
6 7074.348
8 7085.242
10 7081.860
12 7091.968
14 7100.351
16 7081.833
18 7063.321
20 7084.722
22 7060.796
24 7088.658
2 7085.683
4 7128.947
6 7110.942
8 7086.461
10 7088.366
12 7136.710
14 7097.370
16 7082.257
18 7075.033
20 7084.698
22 7068.568
24 7089.062
2 7076.006
4 7083.632
6 7112.139
8 7086.769
10 7083.858
12 7063.328
14 7091.176
16 7088.898
18 7087.004
20 7109.630
22 7080.573
24 7088.783
2 7092.109
4 7075.064
6 7069.935
8 7113.918
10 7069.528
12 7079.337
14 7090.607
16 7064.407
18 7066.213
20 7081.876
22 7085.970
24 7109.162
