2 4260.338
4 2229.218
6 1650.458
8 1383.103
10 1237.856
12 1007.127
14 1147.009
16 1043.327
18 982.438
20 922.212
22 926.107
24 932.204
2 4247.832
4 2242.478
6 1637.213
8 1428.335
10 1159.730
12 1325.258
14 1138.372
16 1020.591
18 967.043
20 966.184
22 957.226
24 992.804
2 4245.423
4 2250.135
6 1647.165
8 1407.694
10 1127.230
12 1114.974
14 1150.619
16 1063.192
18 957.696
20 927.744
22 914.595
24 1176.817
2 4254.438
4 2241.974
6 1672.929
8 1384.044
10 1141.265
12 1028.431
14 1163.500
16 1022.267
18 968.693
20 944.643
22 907.881
24 957.968
2 4246.841
4 2237.571
6 1647.805
8 1372.533
10 1200.753
12 1032.764
14 1144.332
16 1023.732
18 968.118
20 943.991
22 954.190
24 935.340
2 4255.806
4 2235.960
6 1644.286
8 1402.385
10 1198.640
12 1134.834
14 1145.474
16 1030.824
18 985.953
20 933.717
22 940.749
24 969.801
2 4249.581
4 2229.118
6 1664.470
8 1428.244
10 1134.991
12 1122.010
14 1148.846
16 1035.722
18 975.089
20 932.318
22 925.639
24 948.252
2 4267.423
4 2239.932
6 1690.334
8 1362.475
10 1131.101
12 1250.654
14 1135.852
16 1011.592
18 955.422
20 934.932
22 940.778
24 943.592
2 4258.324
4 2262.717
6 1669.800
8 1430.895
10 1219.047
12 1037.784
14 1163.047
16 1033.712
18 973.355
20 936.760
22 921.218
24 941.742
2 4242.149
4 2267.925
6 1645.553
8 1363.166
10 1118.194
12 1075.117
14 1146.424
16 1035.544
18 967.695
20 945.504
22 929.882
24 1186.206
