2 5288.667
4 2688.931
6 2052.382
8 1392.123
10 1457.991
12 1432.518
14 1655.073
16 1228.174
18 1253.790
20 1251.740
22 1271.966
24 1397.721
2 5292.532
4 2704.648
6 2068.200
8 1465.410
10 1392.311
12 1465.433
14 1738.124
16 1229.280
18 1240.379
20 1268.228
22 1282.204
24 1294.428
2 5297.018
4 2692.313
6 2024.151
8 1387.640
10 1450.986
12 1400.641
14 1698.489
16 1235.443
18 1250.889
20 1251.841
22 1272.062
24 1309.208
2 5286.016
4 2655.574
6 2028.226
8 1396.649
10 1417.067
12 1405.326
14 1691.129
16 1233.389
18 1244.211
20 1246.046
22 1268.644
24 1358.032
2 5283.028
4 2654.217
6 2020.402
8 1412.341
10 1409.846
12 1428.559
14 1748.863
16 1235.916
18 1243.107
20 1252.051
22 1247.097
24 1297.260
2 5285.473
4 2661.404
6 2045.119
8 1416.555
10 1495.955
12 1389.023
14 1690.841
16 1229.402
18 1260.727
20 1258.075
22 1272.725
24 1366.559
2 5284.991
4 2708.800
6 2039.951
8 1504.811
10 1494.257
12 1490.989
14 1687.598
16 1251.030
18 1242.962
20 1240.340
22 1259.732
24 1294.106
2 5294.892
4 2654.249
6 2050.289
8 1410.108
10 1435.270
12 1435.583
14 1773.979
16 1247.246
18 1233.900
20 1259.181
22 1287.112
24 1294.468
2 5288.234
4 2663.259
6 2015.323
8 1479.086
10 1425.420
12 1545.101
14 1596.553
16 1233.772
18 1224.947
20 1268.125
22 1251.582
24 1293.752
2 5298.849
4 2676.212
6 2015.343
8 1483.062
10 1478.698
12 1574.139
14 1650.443
16 1224.515
18 1252.059
20 1237.695
22 1285.847
24 1274.060
