2 5993.739
4 5503.806
6 5011.666
8 5477.898
10 5950.602
12 6561.411
14 6685.260
16 6792.394
18 6977.926
20 7107.262
22 7983.742
24 8800.670
2 5885.698
4 5512.807
6 5016.539
8 5349.692
10 5991.257
12 6400.873
14 6618.644
16 6744.079
18 6918.609
20 7169.643
22 9595.572
24 10390.698
2 6078.350
4 5484.891
6 5035.353
8 5583.078
10 6048.124
12 6469.981
14 6595.076
16 6720.127
18 6981.081
20 7200.634
22 8061.882
24 8675.971
2 6043.716
4 5457.327
6 5064.907
8 5580.175
10 6006.779
12 6441.180
14 6679.674
16 6720.081
18 6906.104
20 7165.203
22 8032.299
24 8732.626
2 6037.076
4 5571.075
6 4990.274
8 5492.331
10 6058.048
12 6454.281
14 6670.181
16 6797.384
18 6948.987
20 7227.780
22 8045.069
24 8333.329
2 5904.790
4 5474.226
6 5033.307
8 5515.365
10 6085.222
12 6610.392
14 6604.525
16 6821.106
18 7193.522
20 8671.333
22 7885.597
24 9847.225
2 5989.200
4 5526.212
6 4988.373
8 5512.934
10 5988.257
12 6428.955
14 6651.895
16 6666.342
18 7060.050
20 7250.433
22 9736.487
24 8670.625
2 6075.677
4 5456.806
6 5033.342
8 5493.141
10 6053.944
12 6493.632
14 6595.401
16 6727.952
18 6960.518
20 7172.631
22 7837.303
24 8695.251
2 6115.894
4 5440.282
6 4915.435
8 5508.962
10 5922.752
12 6479.173
14 6621.549
16 6734.641
18 6974.426
20 6974.501
22 7868.429
24 11068.181
2 5967.938
4 5508.024
6 4971.923
8 5504.168
10 5979.068
12 6467.661
14 6582.252
16 6809.251
18 6735.449
20 6932.680
22 8153.814
24 8215.175
