2 429.059
4 522.511
6 573.539
8 569.506
10 691.682
12 752.494
14 742.760
16 772.795
18 797.315
20 803.285
22 737.493
24 850.880
2 422.495
4 522.802
6 608.508
8 636.170
10 600.051
12 660.090
14 672.601
16 768.282
18 789.093
20 823.849
22 842.702
24 870.819
2 446.211
4 533.146
6 582.580
8 646.091
10 694.508
12 722.474
14 742.440
16 775.928
18 789.726
20 787.986
22 831.951
24 754.926
2 444.673
4 538.639
6 590.806
8 658.283
10 694.577
12 734.851
14 750.558
16 759.051
18 791.471
20 782.512
22 806.591
24 855.016
2 443.585
4 404.461
6 556.891
8 643.596
10 692.535
12 724.069
14 793.722
16 779.554
18 797.776
20 810.679
22 820.210
24 833.361
2 446.417
4 533.768
6 582.185
8 740.876
10 683.096
12 765.149
14 746.499
16 762.615
18 798.539
20 794.542
22 890.695
24 861.337
2 442.231
4 514.590
6 604.342
8 633.367
10 676.796
12 718.620
14 754.438
16 771.861
18 764.418
20 856.529
22 843.849
24 1070.224
2 450.789
4 521.135
6 553.936
8 552.851
10 617.999
12 717.457
14 742.477
16 761.830
18 846.792
20 805.119
22 827.663
24 1056.738
2 450.208
4 517.758
6 596.536
8 649.514
10 700.233
12 639.920
14 753.442
16 753.045
18 781.004
20 799.494
22 831.561
24 878.219
2 443.309
4 532.160
6 588.507
8 656.447
10 708.581
12 772.735
14 761.921
16 772.282
18 795.908
20 791.233
22 832.785
24 891.805
