2 790.268
4 761.465
6 787.408
8 787.715
10 763.204
12 762.105
14 763.978
16 761.962
18 764.562
20 765.216
22 765.269
24 764.317
2 762.979
4 788.213
6 771.672
8 778.805
10 788.168
12 777.551
14 761.595
16 765.469
18 775.820
20 785.835
22 761.790
24 787.843
2 771.711
4 787.229
6 786.784
8 766.828
10 763.335
12 761.581
14 780.122
16 761.723
18 787.158
20 769.318
22 787.708
24 774.040
2 763.082
4 792.484
6 774.662
8 796.528
10 784.853
12 782.427
14 780.883
16 763.720
18 782.678
20 760.888
22 761.108
24 764.718
2 761.522
4 765.257
6 764.122
8 776.933
10 766.831
12 761.728
14 762.067
16 761.492
18 761.265
20 761.189
22 778.287
24 761.068
2 776.790
4 767.916
6 764.994
8 765.142
10 764.027
12 784.022
14 799.048
16 761.177
18 774.990
20 779.018
22 768.261
24 764.273
2 760.967
4 761.659
6 761.188
8 764.047
10 764.531
12 761.594
14 764.684
16 768.421
18 768.469
20 776.042
22 779.309
24 780.039
2 761.836
4 787.092
6 761.513
8 762.540
10 760.252
12 762.451
14 768.401
16 761.619
18 761.499
20 761.863
22 761.492
24 766.113
2 767.680
4 761.197
6 772.444
8 768.375
10 765.190
12 762.555
14 762.582
16 762.045
18 761.950
20 761.259
22 761.752
24 761.345
2 769.088
4 761.763
6 776.585
8 771.256
10 760.685
12 761.665
14 765.043
16 761.610
18 761.388
20 761.431
22 761.318
24 764.754
