2 260.690
4 150.275
6 126.960
8 96.107
10 129.003
12 84.820
14 121.662
16 92.073
18 87.117
20 84.187
22 94.244
24 82.957
2 246.383
4 153.877
6 104.983
8 93.980
10 105.976
12 127.144
14 106.762
16 80.781
18 95.540
20 76.270
22 85.740
24 89.001
2 264.951
4 150.093
6 124.584
8 91.028
10 116.558
12 129.302
14 137.746
16 92.439
18 85.402
20 84.584
22 84.875
24 111.411
2 257.560
4 152.422
6 128.312
8 131.467
10 92.329
12 112.456
14 94.219
16 99.390
18 92.252
20 89.885
22 94.395
24 91.800
2 260.783
4 154.667
6 128.875
8 98.123
10 80.843
12 126.532
14 94.629
16 86.387
18 86.528
20 83.727
22 92.963
24 109.560
2 253.819
4 135.226
6 125.261
8 82.300
10 89.110
12 108.111
14 118.857
16 83.612
18 83.494
20 90.643
22 102.985
24 128.785
2 261.735
4 151.768
6 128.838
8 98.914
10 113.655
12 104.481
14 116.524
16 81.460
18 92.226
20 88.072
22 77.541
24 206.733
2 264.921
4 152.301
6 107.607
8 81.584
10 82.336
12 129.627
14 118.504
16 85.264
18 95.358
20 86.603
22 92.455
24 92.865
2 262.208
4 153.397
6 124.106
8 132.558
10 82.409
12 120.311
14 137.153
16 84.143
18 77.325
20 80.629
22 87.158
24 112.938
2 261.691
4 150.332
6 122.220
8 130.977
10 120.394
12 112.393
14 81.273
16 97.379
18 82.107
20 85.757
22 86.134
24 119.087
