2 684.663
4 684.935
6 684.561
8 690.209
10 685.150
12 689.344
14 688.850
16 690.087
18 690.043
20 691.103
22 686.340
24 711.353
2 684.857
4 684.154
6 687.791
8 684.028
10 687.019
12 691.846
14 686.787
16 690.770
18 765.413
20 693.614
22 690.812
24 687.867
2 687.795
4 690.627
6 683.974
8 683.899
10 684.203
12 684.124
14 685.698
16 715.113
18 684.094
20 690.104
22 689.901
24 688.784
2 690.152
4 684.014
6 690.204
8 690.803
10 691.344
12 691.999
14 694.440
16 684.825
18 686.101
20 695.479
22 692.403
24 686.474
2 684.788
4 686.016
6 687.363
8 688.153
10 684.180
12 689.053
14 684.698
16 687.371
18 686.912
20 690.823
22 725.185
24 690.485
2 688.800
4 689.101
6 691.304
8 689.025
10 691.790
12 684.081
14 685.299
16 690.754
18 688.130
20 690.634
22 686.465
24 691.666
2 689.282
4 691.312
6 689.110
8 684.301
10 688.376
12 684.940
14 684.177
16 687.797
18 687.256
20 684.543
22 690.496
24 684.189
2 685.393
4 686.333
6 691.303
8 684.271
10 691.410
12 690.006
14 683.935
16 687.677
18 684.386
20 684.247
22 684.172
24 683.999
2 684.219
4 687.226
6 684.139
8 684.305
10 685.502
12 684.119
14 685.124
16 691.884
18 684.020
20 684.021
22 685.006
24 685.200
2 687.427
4 684.273
6 684.392
8 688.018
10 689.072
12 684.670
14 692.981
16 684.058
18 685.257
20 690.628
22 690.901
24 693.792
