2 1275.420
4 1271.885
6 1271.488
8 1280.580
10 1279.881
12 1274.038
14 1278.377
16 1273.401
18 1274.683
20 1275.021
22 1302.279
24 1275.845
2 1272.417
4 1275.692
6 1274.002
8 1270.700
10 1275.906
12 1278.564
14 1270.731
16 1274.051
18 1294.674
20 1273.989
22 1276.962
24 1269.198
2 1269.247
4 1296.758
6 1272.430
8 1271.533
10 1271.533
12 1294.943
14 1290.763
16 1269.806
18 1296.621
20 1297.916
22 1284.815
24 1273.330
2 1270.297
4 1269.644
6 1272.113
8 1273.077
10 1274.102
12 1270.846
14 1272.062
16 1306.953
18 1271.260
20 1273.263
22 1271.138
24 1271.369
2 1272.848
4 1269.391
6 1269.769
8 1273.939
10 1270.383
12 1269.654
14 1271.512
16 1271.492
18 1269.955
20 1271.138
22 1274.219
24 1272.617
2 1272.935
4 1273.115
6 1274.820
8 1273.611
10 1269.913
12 1270.871
14 1272.098
16 1271.058
18 1273.195
20 1269.474
22 1271.089
24 1273.019
2 1270.274
4 1272.072
6 1272.104
8 1269.965
10 1269.214
12 1303.929
14 1270.834
16 1271.353
18 1268.979
20 1276.004
22 1270.203
24 1270.003
2 1273.005
4 1269.711
6 1300.871
8 1274.004
10 1269.169
12 1271.802
14 1273.988
16 1273.225
18 1272.365
20 1269.536
22 1271.747
24 1272.606
2 1270.874
4 1274.620
6 1269.731
8 1270.827
10 1274.942
12 1270.948
14 1272.061
16 1275.243
18 1272.275
20 1271.287
22 1297.404
24 1316.472
2 1270.895
4 1270.038
6 1305.673
8 1272.561
10 1273.208
12 1302.224
14 1269.786
16 1268.883
18 1273.215
20 1286.948
22 1270.991
24 1270.318
