2 731.838
4 735.841
6 733.647
8 734.351
10 731.180
12 731.312
14 757.294
16 758.460
18 746.686
20 731.402
22 731.859
24 732.434
2 739.708
4 734.251
6 730.982
8 731.289
10 732.347
12 731.488
14 778.482
16 734.342
18 731.725
20 731.323
22 732.175
24 730.980
2 731.371
4 731.097
6 731.804
8 731.941
10 731.237
12 732.156
14 731.033
16 731.879
18 732.121
20 740.955
22 732.285
24 731.692
2 731.153
4 731.306
6 734.475
8 731.377
10 731.181
12 731.699
14 731.946
16 734.731
18 731.657
20 731.516
22 731.372
24 731.204
2 734.471
4 731.212
6 732.470
8 731.604
10 731.340
12 731.404
14 731.331
16 732.146
18 731.708
20 731.243
22 731.658
24 731.424
2 731.349
4 731.465
6 731.059
8 734.001
10 731.290
12 733.115
14 732.068
16 732.236
18 735.720
20 731.446
22 732.591
24 731.418
2 732.171
4 735.453
6 732.143
8 731.168
10 732.031
12 732.180
14 734.877
16 731.686
18 732.364
20 732.101
22 732.427
24 735.242
2 731.126
4 730.877
6 731.889
8 731.518
10 734.702
12 732.002
14 732.281
16 732.044
18 731.983
20 735.275
22 731.283
24 731.312
2 731.388
4 731.341
6 734.467
8 731.119
10 731.262
12 730.848
14 731.182
16 734.239
18 730.931
20 731.065
22 731.087
24 731.979
2 734.940
4 732.207
6 732.190
8 731.897
10 730.869
12 734.371
14 731.257
16 731.123
18 731.003
20 731.322
22 734.167
24 731.243
