2 7.323
4 7.321
6 8.158
8 7.324
10 7.321
12 7.325
14 7.322
16 7.327
18 7.325
20 7.328
22 7.320
24 7.323
2 7.326
4 7.322
6 7.330
8 7.321
10 7.328
12 7.321
14 7.322
16 7.320
18 7.325
20 7.337
22 7.321
24 7.325
2 7.326
4 7.320
6 7.344
8 7.325
10 7.327
12 7.324
14 7.324
16 7.317
18 7.322
20 7.326
22 7.323
24 7.322
2 7.322
4 7.321
6 7.324
8 7.324
10 7.324
12 7.324
14 7.325
16 7.322
18 7.319
20 7.324
22 7.325
24 7.324
2 7.320
4 7.314
6 7.326
8 7.324
10 7.324
12 7.325
14 7.323
16 7.326
18 7.325
20 7.326
22 7.324
24 7.325
2 7.325
4 7.323
6 7.323
8 7.324
10 7.326
12 7.323
14 7.321
16 7.323
18 7.324
20 7.323
22 7.335
24 7.322
2 7.324
4 7.324
6 7.326
8 7.322
10 7.323
12 7.324
14 7.323
16 7.327
18 7.324
20 7.322
22 7.320
24 7.323
2 7.326
4 7.326
6 7.320
8 7.319
10 7.326
12 7.323
14 7.329
16 7.320
18 7.329
20 7.324
22 7.326
24 7.324
2 7.325
4 7.325
6 7.319
8 7.320
10 7.318
12 7.327
14 7.324
16 7.324
18 7.333
20 7.323
22 7.325
24 7.320
2 7.318
4 7.321
6 7.323
8 7.324
10 7.324
12 7.325
14 7.324
16 7.332
18 7.325
20 7.320
22 7.323
24 7.321
