2 411.987
4 221.719
6 150.975
8 116.641
10 98.942
12 98.781
14 86.198
16 89.189
18 91.911
20 82.394
22 82.431
24 93.408
2 429.543
4 229.204
6 156.586
8 120.016
10 96.164
12 91.225
14 88.160
16 87.565
18 87.813
20 83.004
22 86.948
24 101.166
2 428.790
4 223.932
6 162.272
8 118.370
10 98.532
12 89.993
14 88.340
16 84.973
18 84.014
20 83.661
22 85.028
24 130.334
2 424.792
4 230.205
6 163.283
8 118.396
10 99.998
12 94.289
14 90.155
16 86.443
18 87.038
20 83.761
22 83.142
24 182.326
2 430.627
4 232.621
6 163.588
8 121.233
10 101.317
12 96.317
14 87.863
16 88.558
18 86.060
20 83.730
22 83.079
24 480.388
2 400.028
4 220.252
6 151.212
8 117.013
10 96.808
12 88.909
14 86.114
16 88.946
18 83.981
20 83.119
22 86.223
24 1025.767
2 432.651
4 233.002
6 163.918
8 118.149
10 100.077
12 100.354
14 90.110
16 85.771
18 86.252
20 83.910
22 84.913
24 317.584
2 431.771
4 223.381
6 164.051
8 118.125
10 98.194
12 90.222
14 89.644
16 87.427
18 85.884
20 86.664
22 85.573
24 347.161
2 413.402
4 223.954
6 151.807
8 122.821
10 97.981
12 90.069
14 89.723
16 87.002
18 86.449
20 82.868
22 82.170
24 329.927
2 412.791
4 223.596
6 150.154
8 116.423
10 100.266
12 89.784
14 90.281
16 85.454
18 85.958
20 83.496
22 81.764
24 373.857
