2 459.491
4 231.040
6 176.334
8 141.310
10 132.158
12 108.074
14 116.517
16 103.267
18 100.023
20 98.453
22 95.603
24 115.185
2 463.456
4 237.339
6 169.283
8 141.662
10 117.871
12 122.873
14 119.330
16 109.277
18 97.188
20 97.628
22 97.109
24 136.005
2 462.586
4 230.559
6 174.404
8 148.614
10 139.876
12 108.027
14 116.976
16 106.752
18 102.095
20 98.506
22 89.511
24 1659.386
2 447.214
4 231.643
6 198.080
8 142.103
10 129.018
12 121.481
14 121.410
16 110.490
18 98.828
20 96.012
22 100.734
24 165.492
2 461.804
4 254.319
6 170.139
8 148.833
10 136.057
12 117.183
14 131.052
16 106.200
18 102.437
20 99.276
22 99.241
24 141.056
2 443.388
4 231.253
6 168.212
8 153.114
10 125.597
12 110.727
14 118.930
16 110.760
18 100.173
20 98.898
22 101.180
24 108.522
2 459.125
4 242.296
6 176.391
8 143.086
10 130.638
12 110.890
14 128.291
16 118.601
18 100.442
20 98.809
22 106.834
24 133.674
2 461.647
4 247.771
6 185.094
8 156.438
10 123.141
12 126.252
14 128.194
16 120.066
18 98.139
20 102.110
22 102.727
24 113.388
2 459.280
4 256.379
6 180.352
8 150.687
10 126.987
12 115.049
14 128.352
16 106.583
18 103.769
20 99.588
22 107.644
24 127.374
2 450.099
4 235.752
6 184.564
8 149.428
10 126.143
12 132.971
14 122.336
16 106.999
18 99.604
20 96.868
22 91.827
24 184.449
