2 538.255
4 318.984
6 248.795
8 218.205
10 197.349
12 190.795
14 198.495
16 203.303
18 217.069
20 213.058
22 256.360
24 1035.771
2 554.768
4 316.611
6 259.174
8 221.295
10 202.902
12 207.561
14 201.496
16 198.063
18 204.141
20 189.827
22 250.410
24 1074.115
2 549.131
4 326.823
6 251.249
8 211.002
10 191.964
12 196.580
14 192.770
16 198.940
18 202.917
20 210.858
22 204.008
24 2168.006
2 542.810
4 307.733
6 239.029
8 212.916
10 206.732
12 193.106
14 200.720
16 200.782
18 201.870
20 219.645
22 232.102
24 817.326
2 533.852
4 322.193
6 246.286
8 209.895
10 197.823
12 200.919
14 200.387
16 204.177
18 201.806
20 199.379
22 205.226
24 1189.724
2 545.771
4 326.471
6 233.254
8 217.113
10 199.192
12 196.423
14 197.943
16 197.367
18 200.288
20 203.010
22 203.655
24 1449.738
2 483.122
4 327.545
6 248.785
8 215.648
10 193.587
12 194.181
14 198.650
16 201.593
18 198.950
20 207.003
22 218.809
24 2637.261
2 471.797
4 329.319
6 247.632
8 212.709
10 190.498
12 197.249
14 196.787
16 202.031
18 200.799
20 200.274
22 212.626
24 2747.117
2 526.626
4 303.808
6 231.785
8 203.425
10 192.523
12 206.368
14 200.699
16 197.660
18 200.682
20 196.700
22 204.301
24 3717.807
2 502.365
4 333.271
6 251.116
8 220.994
10 195.211
12 197.530
14 201.912
16 202.748
18 204.343
20 209.121
22 230.891
24 2209.117
