2 525.437
4 552.418
6 524.101
8 524.469
10 520.661
12 591.185
14 608.722
16 669.017
18 749.086
20 750.099
22 742.424
24 766.059
2 527.027
4 528.353
6 521.646
8 540.572
10 559.532
12 653.547
14 601.545
16 695.963
18 717.909
20 733.140
22 755.580
24 774.552
2 527.063
4 522.081
6 529.100
8 533.241
10 502.194
12 533.979
14 632.232
16 704.182
18 690.700
20 742.324
22 765.930
24 776.556
2 527.715
4 526.741
6 507.410
8 502.179
10 532.675
12 592.524
14 621.810
16 705.017
18 709.823
20 737.063
22 756.726
24 765.194
2 531.779
4 527.707
6 503.747
8 519.884
10 510.629
12 612.825
14 661.840
16 676.605
18 750.218
20 695.146
22 758.672
24 992.228
2 527.773
4 545.497
6 540.602
8 530.286
10 526.811
12 614.668
14 651.184
16 700.910
18 727.824
20 740.644
22 733.283
24 915.575
2 526.374
4 524.728
6 508.535
8 545.601
10 577.017
12 563.819
14 609.137
16 696.712
18 738.852
20 741.242
22 744.783
24 755.051
2 526.509
4 526.477
6 516.929
8 514.506
10 518.245
12 604.377
14 601.180
16 697.557
18 717.390
20 743.635
22 728.083
24 750.204
2 526.755
4 533.558
6 526.286
8 526.487
10 574.311
12 604.021
14 698.332
16 722.879
18 738.457
20 756.918
22 753.674
24 768.999
2 528.174
4 529.270
6 529.069
8 514.986
10 548.840
12 559.451
14 613.261
16 653.302
18 715.789
20 741.364
22 749.016
24 765.352
