2 607.434
4 568.182
6 522.854
8 626.403
10 679.037
12 747.309
14 728.620
16 862.449
18 767.736
20 799.930
22 753.202
24 852.696
2 597.821
4 558.071
6 566.010
8 596.080
10 543.993
12 772.928
14 771.053
16 763.789
18 788.714
20 806.609
22 786.821
24 834.006
2 600.640
4 581.995
6 497.043
8 519.920
10 751.078
12 749.040
14 796.338
16 741.271
18 691.333
20 783.630
22 838.317
24 883.304
2 600.819
4 558.853
6 633.995
8 658.718
10 659.910
12 691.965
14 725.530
16 752.551
18 786.067
20 813.476
22 833.836
24 866.900
2 596.329
4 561.008
6 511.281
8 611.883
10 619.662
12 705.649
14 727.558
16 759.538
18 784.661
20 783.449
22 819.866
24 1152.895
2 598.087
4 573.248
6 471.904
8 596.712
10 583.899
12 721.083
14 733.269
16 741.070
18 763.228
20 813.906
22 821.750
24 947.750
2 601.319
4 561.602
6 549.998
8 476.375
10 664.714
12 699.230
14 750.030
16 762.080
18 800.678
20 809.651
22 838.999
24 881.156
2 609.493
4 509.625
6 554.726
8 596.673
10 540.575
12 711.889
14 798.507
16 759.337
18 780.020
20 806.105
22 808.162
24 880.943
2 609.800
4 565.068
6 562.960
8 587.268
10 675.940
12 707.564
14 718.140
16 780.089
18 783.445
20 800.035
22 836.479
24 833.882
2 595.424
4 564.649
6 551.651
8 611.450
10 611.356
12 712.987
14 747.304
16 767.209
18 791.210
20 813.482
22 830.744
24 840.404
