2 731.268
4 743.431
6 731.645
8 745.515
10 759.893
12 742.290
14 800.708
16 818.150
18 866.779
20 1031.507
22 1020.538
24 1300.642
2 740.327
4 756.723
6 741.849
8 736.977
10 757.389
12 768.240
14 800.717
16 893.860
18 951.724
20 1035.149
22 1068.880
24 1096.584
2 734.541
4 734.797
6 745.663
8 738.287
10 740.106
12 738.250
14 816.201
16 916.093
18 1029.999
20 1020.554
22 963.941
24 1177.157
2 743.087
4 740.283
6 731.736
8 734.822
10 735.396
12 769.188
14 864.076
16 1002.147
18 852.534
20 1042.553
22 1081.371
24 1099.823
2 742.868
4 741.775
6 746.067
8 766.893
10 746.402
12 748.240
14 784.190
16 931.408
18 989.599
20 988.754
22 1066.776
24 1192.357
2 739.928
4 739.350
6 745.702
8 741.930
10 747.037
12 779.730
14 859.751
16 965.121
18 929.694
20 1001.677
22 1082.982
24 1108.443
2 738.927
4 750.882
6 731.767
8 737.651
10 744.982
12 742.744
14 834.138
16 821.834
18 1001.238
20 966.547
22 1038.726
24 1101.121
2 737.917
4 744.504
6 741.683
8 737.287
10 744.683
12 756.197
14 804.795
16 847.033
18 982.122
20 1022.890
22 1081.691
24 1099.071
2 744.038
4 738.529
6 738.522
8 739.186
10 736.231
12 777.447
14 785.914
16 1008.948
18 966.348
20 1003.351
22 1081.482
24 1100.786
2 736.213
4 749.915
6 740.485
8 734.948
10 736.632
12 778.127
14 857.218
16 912.377
18 996.221
20 1069.702
22 1072.441
24 1097.235
