2 544.432
4 542.246
6 538.932
8 540.789
10 546.981
12 546.820
14 544.861
16 541.385
18 546.734
20 540.730
22 549.819
24 544.068
2 543.137
4 540.688
6 550.836
8 540.652
10 539.759
12 539.744
14 544.885
16 542.916
18 544.394
20 545.528
22 543.310
24 540.516
2 539.249
4 544.195
6 540.352
8 540.666
10 539.534
12 541.565
14 550.570
16 547.387
18 544.207
20 546.830
22 551.005
24 540.724
2 541.590
4 539.808
6 545.811
8 543.569
10 541.737
12 539.638
14 539.363
16 541.644
18 542.987
20 545.137
22 546.746
24 546.848
2 550.046
4 539.440
6 539.445
8 541.546
10 545.233
12 544.750
14 539.117
16 541.753
18 542.522
20 543.931
22 543.214
24 547.102
2 545.229
4 541.558
6 546.817
8 545.840
10 542.175
12 545.483
14 544.526
16 540.809
18 538.881
20 547.650
22 545.602
24 540.944
2 545.111
4 548.338
6 540.451
8 546.083
10 545.418
12 542.077
14 544.040
16 544.534
18 539.990
20 538.734
22 544.905
24 544.209
2 546.623
4 541.762
6 548.238
8 543.852
10 540.394
12 542.402
14 542.440
16 542.568
18 546.183
20 540.310
22 540.559
24 540.685
2 541.693
4 547.610
6 540.582
8 549.081
10 545.102
12 540.566
14 545.105
16 542.361
18 544.374
20 539.108
22 540.353
24 540.720
2 541.228
4 542.192
6 545.716
8 547.809
10 540.065
12 540.967
14 542.674
16 556.873
18 539.820
20 543.138
22 546.219
24 543.049
