2 47.571
4 47.562
6 47.888
8 48.015
10 47.857
12 47.845
14 47.836
16 47.978
18 47.865
20 49.214
22 47.989
24 47.842
2 47.845
4 47.854
6 47.854
8 47.817
10 47.973
12 47.835
14 47.812
16 48.014
18 47.873
20 47.842
22 47.858
24 47.870
2 47.824
4 47.849
6 47.818
8 47.823
10 47.844
12 47.849
14 47.821
16 47.878
18 47.837
20 47.832
22 47.833
24 47.844
2 50.023
4 51.120
6 48.032
8 47.905
10 47.867
12 47.825
14 47.856
16 47.878
18 47.833
20 47.858
22 47.837
24 47.860
2 47.848
4 47.853
6 47.859
8 47.858
10 47.799
12 47.799
14 47.830
16 47.816
18 47.831
20 47.928
22 47.850
24 47.880
2 47.870
4 47.820
6 49.334
8 47.999
10 47.842
12 47.854
14 47.960
16 47.838
18 47.839
20 47.934
22 47.840
24 47.859
2 47.862
4 47.828
6 47.842
8 47.821
10 47.856
12 47.827
14 47.860
16 47.842
18 47.848
20 47.822
22 47.838
24 47.826
2 47.855
4 47.908
6 47.898
8 47.888
10 47.832
12 47.846
14 47.849
16 47.859
18 47.837
20 47.856
22 47.848
24 48.012
2 47.851
4 47.868
6 47.892
8 47.882
10 47.851
12 47.834
14 47.841
16 47.815
18 47.830
20 47.837
22 47.828
24 48.064
2 47.944
4 47.993
6 47.869
8 47.894
10 47.850
12 47.838
14 48.046
16 47.857
18 47.824
20 47.885
22 47.823
24 47.847
