2 1333.154
4 1321.759
6 1331.434
8 1331.673
10 1333.480
12 1334.935
14 1322.424
16 1327.057
18 1322.028
20 1328.719
22 1322.647
24 1325.217
2 1322.734
4 1332.364
6 1337.978
8 1327.081
10 1337.534
12 1326.551
14 1352.883
16 1392.365
18 1384.762
20 1343.581
22 1355.027
24 1349.895
2 1336.290
4 1340.479
6 1346.201
8 1354.606
10 1326.180
12 1326.862
14 1336.100
16 1327.565
18 1337.643
20 1334.244
22 1333.042
24 1336.722
2 1335.358
4 1329.080
6 1339.647
8 1331.879
10 1333.515
12 1336.448
14 1343.388
16 1332.402
18 1330.056
20 1347.607
22 1339.803
24 1334.995
2 1338.160
4 1335.483
6 1334.253
8 1337.949
10 1338.066
12 1329.874
14 1328.891
16 1341.715
18 1330.514
20 1333.226
22 1399.155
24 1332.593
2 1370.078
4 1345.101
6 1336.051
8 1336.075
10 1377.471
12 1337.305
14 1379.283
16 1361.554
18 1356.756
20 1403.430
22 1369.136
24 1362.259
2 1366.009
4 1370.787
6 1386.418
8 1359.927
10 1332.733
12 1340.631
14 1341.736
16 1332.401
18 1360.280
20 1374.116
22 1335.692
24 1356.378
2 1364.414
4 1365.148
6 1358.301
8 1339.743
10 1420.229
12 1357.324
14 1358.998
16 1355.598
18 1338.280
20 1354.103
22 1354.782
24 1343.284
2 1359.350
4 1353.002
6 1340.774
8 1380.455
10 1420.986
12 1351.026
14 1383.209
16 1336.893
18 1336.506
20 1341.012
22 1332.800
24 1333.658
2 1341.452
4 1342.285
6 1333.604
8 1341.974
10 1332.659
12 1332.588
14 1342.473
16 1332.226
18 1333.374
20 1338.175
22 1341.184
24 1334.621
