2 830.187
4 810.368
6 812.418
8 827.706
10 808.525
12 815.459
14 814.516
16 821.123
18 814.586
20 824.074
22 814.471
24 824.865
2 819.586
4 828.454
6 811.656
8 829.665
10 809.397
12 819.685
14 810.489
16 809.451
18 819.596
20 813.478
22 827.031
24 819.110
2 827.856
4 821.681
6 821.028
8 829.843
10 810.842
12 808.959
14 826.898
16 821.084
18 813.294
20 826.111
22 822.620
24 825.477
2 819.319
4 814.543
6 823.162
8 824.022
10 834.824
12 811.307
14 824.731
16 822.167
18 828.058
20 822.216
22 816.766
24 820.757
2 813.320
4 814.942
6 828.356
8 823.347
10 813.084
12 816.311
14 824.003
16 813.660
18 817.137
20 822.489
22 815.481
24 815.415
2 813.239
4 819.680
6 828.047
8 832.177
10 824.930
12 820.488
14 823.448
16 816.577
18 831.540
20 814.699
22 819.495
24 823.177
2 814.077
4 812.204
6 825.657
8 823.424
10 822.045
12 829.748
14 824.313
16 830.323
18 825.358
20 831.164
22 824.584
24 824.349
2 831.256
4 817.075
6 822.815
8 832.450
10 815.064
12 824.444
14 815.804
16 826.369
18 823.016
20 817.590
22 820.428
24 817.339
2 822.128
4 831.138
6 819.169
8 815.503
10 823.043
12 829.868
14 827.482
16 825.192
18 820.660
20 821.711
22 825.142
24 817.198
2 833.056
4 821.793
6 828.908
8 831.330
10 819.998
12 823.523
14 816.563
16 818.659
18 823.964
20 819.210
22 818.926
24 825.758
