2 9.167
4 9.176
6 9.181
8 9.192
10 9.182
12 9.173
14 9.179
16 9.182
18 9.174
20 9.175
22 9.188
24 9.173
2 9.167
4 9.178
6 9.170
8 9.171
10 9.166
12 9.174
14 9.176
16 9.166
18 9.168
20 9.127
22 9.170
24 9.163
2 9.181
4 9.181
6 9.175
8 9.177
10 9.172
12 9.174
14 9.181
16 9.173
18 9.192
20 9.185
22 9.169
24 9.173
2 9.119
4 9.170
6 9.174
8 9.174
10 9.176
12 9.174
14 9.172
16 9.168
18 9.179
20 9.195
22 9.178
24 9.176
2 9.172
4 9.173
6 9.178
8 9.173
10 9.178
12 9.143
14 9.161
16 9.177
18 9.180
20 9.172
22 9.172
24 9.172
2 9.173
4 9.176
6 9.176
8 9.173
10 9.176
12 9.176
14 9.173
16 9.173
18 9.173
20 9.185
22 9.166
24 9.174
2 9.180
4 9.164
6 9.176
8 9.170
10 9.164
12 9.179
14 9.197
16 9.083
18 9.175
20 9.176
22 9.165
24 9.171
2 9.154
4 9.170
6 8.990
8 8.989
10 9.179
12 9.076
14 9.172
16 9.169
18 9.163
20 9.165
22 9.171
24 9.171
2 8.983
4 9.133
6 9.162
8 9.172
10 9.178
12 9.100
14 9.164
16 9.080
18 9.176
20 9.169
22 9.171
24 9.171
2 9.174
4 9.347
6 9.165
8 9.169
10 9.167
12 9.168
14 9.085
16 9.176
18 9.170
20 9.167
22 9.177
24 9.174
