2 90.189
4 83.499
6 91.626
8 91.657
10 90.157
12 90.161
14 90.145
16 87.695
18 83.596
20 90.183
22 90.175
24 83.669
2 90.163
4 90.150
6 90.066
8 90.169
10 83.501
12 83.412
14 83.424
16 90.107
18 83.498
20 81.856
22 90.165
24 83.659
2 83.464
4 90.082
6 90.050
8 83.458
10 83.413
12 83.510
14 90.156
16 89.385
18 89.885
20 90.157
22 90.144
24 90.340
2 83.387
4 90.158
6 89.183
8 90.075
10 83.491
12 83.540
14 90.181
16 90.057
18 90.179
20 90.181
22 90.179
24 83.465
2 90.149
4 81.475
6 90.099
8 86.178
10 83.470
12 90.578
14 90.172
16 90.334
18 90.165
20 81.825
22 81.511
24 83.503
2 83.521
4 83.416
6 82.037
8 90.168
10 83.500
12 83.448
14 90.329
16 83.450
18 90.159
20 90.165
22 90.170
24 83.468
2 90.169
4 90.181
6 83.465
8 90.347
10 83.475
12 83.477
14 90.173
16 83.597
18 83.610
20 83.495
22 83.576
24 90.182
2 90.072
4 83.601
6 90.344
8 89.977
10 90.112
12 90.169
14 83.605
16 83.606
18 81.077
20 81.375
22 90.165
24 87.875
2 90.088
4 83.590
6 90.159
8 90.178
10 82.532
12 90.161
14 90.157
16 90.168
18 90.356
20 90.325
22 90.161
24 83.594
2 83.594
4 83.618
6 90.093
8 83.602
10 90.162
12 89.681
14 90.071
16 90.147
18 90.078
20 90.193
22 90.158
24 90.184
