2 73.356
4 69.821
6 73.505
8 66.842
10 73.263
12 73.433
14 73.390
16 68.429
18 73.396
20 65.520
22 73.323
24 73.429
2 69.926
4 70.135
6 73.424
8 65.592
10 73.352
12 66.020
14 73.372
16 73.374
18 65.669
20 73.372
22 65.601
24 73.443
2 73.360
4 68.543
6 73.345
8 65.607
10 73.415
12 65.695
14 73.369
16 65.598
18 73.441
20 65.650
22 73.488
24 65.747
2 73.503
4 73.497
6 73.464
8 65.599
10 73.410
12 65.598
14 73.367
16 73.383
18 73.377
20 73.391
22 68.455
24 73.455
2 73.405
4 73.393
6 67.005
8 71.569
10 73.358
12 73.370
14 65.587
16 73.357
18 65.616
20 73.427
22 65.615
24 73.561
2 73.348
4 73.500
6 65.713
8 73.424
10 65.599
12 73.480
14 65.656
16 73.394
18 73.702
20 65.717
22 73.541
24 68.462
2 70.098
4 70.001
6 73.451
8 65.651
10 73.374
12 73.443
14 73.427
16 65.646
18 73.368
20 73.436
22 72.429
24 73.358
2 73.360
4 71.672
6 71.572
8 73.446
10 65.647
12 73.364
14 73.366
16 73.366
18 71.537
20 73.361
22 73.363
24 71.624
2 73.363
4 73.399
6 73.431
8 65.613
10 73.354
12 65.604
14 73.403
16 73.378
18 65.673
20 73.425
22 73.355
24 73.371
2 65.656
4 73.387
6 73.380
8 66.820
10 73.387
12 65.615
14 73.383
16 66.866
18 73.505
20 66.918
22 73.404
24 73.405
