2 70.510
4 42.662
6 27.394
8 24.259
10 23.625
12 27.669
14 24.452
16 28.773
18 30.963
20 26.709
22 26.244
24 34.538
2 70.784
4 40.469
6 30.598
8 22.848
10 29.604
12 26.442
14 21.804
16 27.389
18 24.819
20 25.335
22 34.536
24 26.911
2 72.757
4 37.562
6 32.359
8 22.800
10 27.203
12 23.503
14 24.822
16 24.583
18 21.888
20 25.411
22 27.977
24 40.151
2 69.121
4 43.985
6 32.885
8 25.914
10 29.012
12 25.861
14 27.243
16 30.135
18 26.557
20 27.814
22 32.541
24 31.540
2 72.998
4 44.098
6 36.467
8 27.582
10 25.590
12 27.384
14 23.969
16 26.227
18 29.413
20 29.149
22 34.014
24 30.984
2 55.569
4 44.076
6 29.957
8 24.536
10 28.715
12 24.941
14 21.870
16 29.182
18 22.176
20 32.668
22 35.391
24 31.778
2 69.898
4 42.760
6 31.820
8 29.350
10 25.682
12 29.287
14 23.824
16 23.241
18 23.112
20 27.240
22 32.007
24 34.955
2 69.922
4 37.919
6 31.410
8 24.674
10 28.182
12 25.812
14 30.791
16 25.485
18 28.179
20 27.232
22 44.647
24 36.789
2 62.178
4 40.329
6 32.690
8 29.150
10 29.547
12 26.448
14 32.010
16 26.324
18 31.575
20 28.418
22 23.379
24 32.008
2 70.983
4 44.536
6 44.135
8 26.298
10 22.032
12 23.107
14 21.850
16 26.259
18 27.164
20 26.156
22 32.962
24 66.195
