2 75.412
4 60.492
6 38.052
8 24.942
10 33.077
12 13.022
14 18.670
16 17.676
18 23.016
20 26.733
22 21.449
24 27.443
2 75.408
4 42.377
6 31.276
8 28.495
10 25.646
12 29.979
14 21.097
16 23.970
18 18.759
20 23.376
22 23.188
24 21.523
2 74.354
4 35.671
6 54.346
8 40.466
10 30.966
12 27.957
14 29.422
16 17.088
18 24.162
20 25.692
22 21.947
24 21.307
2 74.774
4 41.532
6 46.536
8 31.211
10 31.842
12 19.342
14 24.215
16 22.511
18 27.949
20 21.472
22 21.130
24 31.006
2 74.686
4 42.474
6 30.545
8 41.231
10 22.486
12 27.937
14 22.569
16 23.884
18 22.326
20 18.248
22 24.173
24 18.075
2 74.357
4 41.944
6 31.791
8 36.411
10 36.211
12 32.127
14 24.473
16 21.325
18 23.883
20 25.701
22 19.603
24 23.907
2 70.831
4 56.303
6 48.656
8 38.408
10 21.772
12 27.472
14 24.492
16 21.559
18 25.197
20 27.745
22 21.258
24 20.218
2 75.518
4 44.704
6 33.034
8 36.384
10 26.425
12 20.008
14 29.070
16 25.055
18 22.825
20 20.119
22 16.340
24 27.865
2 78.437
4 41.816
6 28.694
8 23.322
10 23.408
12 26.212
14 25.556
16 23.830
18 24.147
20 26.099
22 21.579
24 18.705
2 75.267
4 35.022
6 26.990
8 39.615
10 19.393
12 26.284
14 24.803
16 23.767
18 20.198
20 22.489
22 22.903
24 28.468
