2 47.294
4 27.605
6 18.765
8 16.276
10 14.755
12 13.019
14 11.838
16 11.688
18 11.310
20 10.401
22 15.559
24 24.702
2 43.508
4 26.239
6 17.942
8 16.288
10 11.910
12 9.916
14 10.614
16 11.930
18 11.965
20 11.732
22 13.783
24 13.756
2 35.785
4 25.886
6 14.355
8 17.987
10 14.783
12 10.201
14 11.906
16 12.629
18 11.009
20 14.120
22 14.173
24 15.482
2 46.335
4 34.093
6 21.934
8 13.382
10 11.294
12 19.395
14 10.643
16 10.977
18 16.522
20 12.672
22 15.346
24 44.626
2 42.103
4 16.609
6 19.248
8 17.444
10 17.128
12 13.142
14 12.746
16 11.401
18 11.989
20 11.781
22 11.116
24 22.594
2 45.754
4 21.929
6 17.664
8 16.557
10 14.924
12 10.493
14 11.514
16 9.681
18 9.639
20 15.494
22 15.712
24 12.055
2 38.880
4 21.392
6 17.890
8 17.054
10 12.979
12 12.072
14 12.152
16 13.517
18 11.233
20 11.404
22 13.237
24 15.169
2 41.620
4 16.073
6 18.967
8 17.437
10 11.371
12 11.127
14 12.057
16 10.459
18 11.511
20 12.100
22 15.174
24 39.246
2 41.305
4 21.940
6 18.612
8 17.887
10 14.961
12 14.066
14 12.135
16 14.193
18 18.228
20 11.383
22 13.891
24 13.322
2 46.394
4 23.051
6 18.993
8 18.017
10 14.290
12 10.784
14 12.943
16 18.425
18 14.646
20 15.527
22 14.411
24 13.312
