2 95.547
4 90.810
6 95.060
8 82.824
10 78.594
12 84.032
14 88.992
16 94.855
18 95.256
20 95.880
22 75.917
24 70.669
2 87.969
4 85.505
6 84.580
8 84.147
10 94.708
12 93.631
14 96.294
16 88.042
18 95.224
20 95.342
22 75.310
24 70.601
2 86.646
4 79.279
6 72.880
8 96.453
10 91.220
12 96.075
14 70.738
16 96.110
18 92.803
20 96.814
22 70.789
24 96.052
2 95.815
4 95.328
6 95.213
8 91.743
10 74.617
12 70.547
14 90.227
16 95.851
18 72.321
20 95.707
22 76.018
24 94.567
2 95.823
4 96.142
6 91.642
8 86.711
10 86.000
12 80.415
14 94.796
16 89.792
18 95.610
20 95.263
22 94.891
24 95.515
2 94.525
4 73.559
6 95.403
8 80.567
10 92.169
12 89.874
14 117.010
16 83.364
18 95.360
20 94.134
22 94.571
24 84.336
2 95.079
4 95.991
6 95.913
8 86.876
10 85.619
12 70.803
14 82.836
16 94.700
18 95.676
20 86.023
22 91.703
24 95.712
2 95.883
4 95.735
6 92.566
8 77.808
10 95.917
12 70.757
14 86.343
16 72.658
18 81.066
20 70.586
22 71.711
24 82.289
2 77.977
4 86.393
6 91.868
8 86.431
10 92.703
12 70.578
14 95.628
16 87.041
18 91.647
20 95.934
22 84.970
24 79.392
2 90.161
4 94.319
6 82.652
8 75.763
10 86.542
12 71.142
14 70.941
16 70.655
18 90.533
20 80.342
22 71.959
24 77.320
