2 48.262
4 27.617
6 21.356
8 24.643
10 24.094
12 27.944
14 23.733
16 25.087
18 26.727
20 26.587
22 39.419
24 35.458
2 51.892
4 30.526
6 26.817
8 16.732
10 27.280
12 24.967
14 24.369
16 28.267
18 24.633
20 26.277
22 35.622
24 41.621
2 50.741
4 32.833
6 29.817
8 25.361
10 21.994
12 24.747
14 26.166
16 27.937
18 25.908
20 24.069
22 30.932
24 49.642
2 51.359
4 31.181
6 25.470
8 25.724
10 23.034
12 24.125
14 27.256
16 25.003
18 27.485
20 29.857
22 34.592
24 44.370
2 52.246
4 30.886
6 27.834
8 21.437
10 22.405
12 24.280
14 25.759
16 27.083
18 27.420
20 31.293
22 37.366
24 39.312
2 45.591
4 30.532
6 24.198
8 25.913
10 25.564
12 22.657
14 26.293
16 29.294
18 27.938
20 28.319
22 37.083
24 57.945
2 52.497
4 35.793
6 23.472
8 24.857
10 24.155
12 26.344
14 20.826
16 29.309
18 29.141
20 28.184
22 68.238
24 33.398
2 51.693
4 21.480
6 27.746
8 25.949
10 22.224
12 25.211
14 29.964
16 21.092
18 28.348
20 35.515
22 38.449
24 28.685
2 51.647
4 30.058
6 24.124
8 24.546
10 23.430
12 26.162
14 27.022
16 27.128
18 31.116
20 29.043
22 30.900
24 34.975
2 50.893
4 32.349
6 23.903
8 28.254
10 23.828
12 23.315
14 30.008
16 27.979
18 26.546
20 30.187
22 46.726
24 32.968
