2 65.965
4 67.354
6 58.247
8 46.723
10 66.867
12 60.151
14 67.147
16 60.674
18 66.898
20 58.467
22 54.825
24 58.418
2 52.448
4 68.516
6 49.022
8 51.276
10 58.201
12 67.471
14 59.957
16 66.559
18 62.858
20 66.108
22 54.500
24 54.537
2 66.604
4 46.881
6 59.371
8 50.156
10 50.409
12 50.911
14 51.448
16 51.803
18 53.810
20 46.006
22 60.730
24 49.681
2 59.364
4 63.764
6 64.602
8 53.308
10 66.965
12 49.457
14 59.910
16 61.577
18 60.643
20 65.489
22 67.311
24 61.889
2 46.122
4 61.525
6 61.128
8 47.985
10 52.526
12 63.204
14 51.430
16 61.773
18 65.281
20 67.536
22 61.586
24 67.117
2 47.841
4 51.765
6 63.478
8 64.619
10 65.304
12 67.010
14 64.374
16 46.119
18 47.178
20 63.294
22 62.566
24 61.020
2 67.415
4 44.390
6 68.286
8 66.949
10 46.071
12 66.374
14 46.914
16 45.425
18 62.351
20 62.142
22 62.747
24 69.172
2 58.102
4 60.688
6 46.093
8 70.229
10 60.575
12 48.375
14 46.133
16 64.236
18 67.316
20 47.313
22 58.334
24 49.321
2 48.627
4 58.620
6 64.911
8 46.722
10 46.054
12 64.738
14 57.570
16 57.194
18 59.883
20 67.012
22 66.484
24 60.551
2 47.891
4 48.195
6 53.838
8 52.161
10 47.646
12 66.724
14 46.016
16 47.908
18 57.279
20 46.098
22 64.607
24 46.139
