2 83.707
4 88.865
6 76.220
8 86.979
10 97.743
12 96.334
14 80.236
16 92.016
18 93.400
20 97.178
22 74.109
24 78.530
2 97.559
4 98.446
6 78.586
8 93.637
10 97.136
12 79.256
14 76.953
16 72.479
18 92.177
20 84.065
22 72.439
24 96.968
2 89.793
4 97.547
6 89.482
8 97.859
10 97.925
12 98.220
14 75.938
16 91.998
18 89.468
20 74.812
22 72.439
24 93.064
2 74.309
4 92.297
6 85.078
8 96.217
10 98.838
12 97.939
14 84.695
16 78.824
18 94.587
20 98.048
22 91.359
24 89.545
2 75.713
4 97.527
6 76.175
8 89.462
10 96.053
12 97.750
14 91.307
16 78.791
18 75.897
20 75.516
22 96.285
24 75.771
2 74.027
4 78.417
6 93.572
8 92.116
10 85.877
12 92.468
14 83.974
16 72.431
18 89.065
20 78.390
22 97.695
24 75.155
2 91.103
4 88.865
6 97.877
8 87.633
10 88.300
12 76.437
14 89.873
16 74.229
18 74.343
20 84.074
22 72.414
24 72.853
2 78.227
4 72.467
6 96.690
8 93.407
10 98.328
12 78.595
14 98.374
16 97.822
18 97.417
20 98.715
22 92.731
24 74.559
2 97.633
4 87.413
6 88.034
8 97.790
10 74.306
12 98.670
14 76.019
16 96.939
18 72.915
20 72.405
22 72.435
24 94.329
2 88.370
4 96.238
6 76.790
8 98.251
10 80.683
12 78.351
14 74.817
16 72.448
18 89.088
20 97.929
22 84.813
24 74.995
