2 52.944
4 30.783
6 28.977
8 20.782
10 15.068
12 20.646
14 17.962
16 16.032
18 14.624
20 17.367
22 13.904
24 17.878
2 55.686
4 32.961
6 37.407
8 19.624
10 15.279
12 20.165
14 17.306
16 15.015
18 14.694
20 18.115
22 12.649
24 61.515
2 56.927
4 26.489
6 36.185
8 15.876
10 24.900
12 20.308
14 18.265
16 16.380
18 16.635
20 17.898
22 28.620
24 19.505
2 56.124
4 50.273
6 35.443
8 13.534
10 11.002
12 10.133
14 11.666
16 16.409
18 19.695
20 18.373
22 13.539
24 19.049
2 56.852
4 19.409
6 38.413
8 24.406
10 13.267
12 21.289
14 12.505
16 17.420
18 15.239
20 16.379
22 16.845
24 15.109
2 56.262
4 31.260
6 21.905
8 16.690
10 24.624
12 17.525
14 20.607
16 16.674
18 14.551
20 15.687
22 15.270
24 17.829
2 56.615
4 49.999
6 31.522
8 26.382
10 17.141
12 15.264
14 17.602
16 14.913
18 17.701
20 11.685
22 12.586
24 15.869
2 56.802
4 30.943
6 20.185
8 17.515
10 13.330
12 19.399
14 17.632
16 19.373
18 15.172
20 13.436
22 12.909
24 26.085
2 56.058
4 30.829
6 21.643
8 28.137
10 20.041
12 20.332
14 17.901
16 16.824
18 14.771
20 13.130
22 16.028
24 14.867
2 56.536
4 31.082
6 38.746
8 16.723
10 21.848
12 20.479
14 15.300
16 15.855
18 14.570
20 12.306
22 20.616
24 33.046
