2 184987.059
4 93248.379
6 62946.498
8 46645.651
10 38961.187
12 33219.921
14 39503.377
16 33414.991
18 31799.892
20 27801.317
22 29870.468
24 24655.146
2 185317.730
4 92899.756
6 63265.174
8 46600.409
10 38325.952
12 33266.474
14 39556.391
16 33286.548
18 32041.269
20 27888.893
22 25772.744
24 24370.657
2 185326.268
4 93320.997
6 63274.753
8 46647.888
10 38745.009
12 33476.895
14 39078.484
16 34450.971
18 31601.337
20 27808.119
22 25850.690
24 26252.725
2 185332.449
4 93125.035
6 62903.961
8 46559.938
10 38802.011
12 33039.362
14 40475.972
16 33495.440
18 31432.281
20 27622.510
22 25671.473
24 24318.021
2 187017.480
4 93139.616
6 63241.751
8 46703.179
10 38803.220
12 33289.908
14 38972.219
16 35354.887
18 31170.348
20 28935.407
22 25818.023
24 24828.540
2 186797.045
4 92920.081
6 63260.110
8 46500.277
10 38842.346
12 33187.967
14 39463.125
16 33460.282
18 31636.164
20 27763.071
22 26157.623
24 24579.213
2 185283.222
4 92941.008
6 62873.575
8 46639.068
10 38732.670
12 33173.230
14 41875.891
16 33815.830
18 36588.055
20 28107.451
22 25822.909
24 24761.519
2 185356.281
4 92829.480
6 63171.048
8 46616.503
10 38720.777
12 33387.720
14 40100.144
16 36684.518
18 34203.586
20 27676.608
22 25422.389
24 24632.920
2 185440.967
4 93129.260
6 63045.077
8 46703.936
10 38811.313
12 33462.286
14 40174.133
16 33332.477
18 32410.246
20 27773.578
22 25599.979
24 24402.922
2 185145.026
4 93038.120
6 62887.072
8 50114.251
10 38463.104
12 33141.032
14 39332.202
16 33546.153
18 31882.208
20 28154.543
22 25872.046
24 24616.363
