2 76825.820
4 38537.518
6 25807.944
8 19407.030
10 15588.861
12 13118.507
14 12438.318
16 11954.935
18 11640.284
20 11164.132
22 10806.319
24 10827.387
2 76863.175
4 38585.012
6 25847.434
8 19469.542
10 15613.156
12 13101.578
14 12396.203
16 11860.114
18 11433.757
20 11362.521
22 10885.039
24 10703.240
2 76851.065
4 38590.778
6 25873.592
8 19413.052
10 15590.465
12 13157.265
14 12519.837
16 11875.650
18 11480.010
20 11261.240
22 10746.104
24 10552.081
2 76856.578
4 38639.961
6 25823.581
8 19440.062
10 15586.148
12 13123.463
14 12555.999
16 12041.957
18 11494.071
20 11143.595
22 10719.494
24 10678.306
2 76843.796
4 38559.625
6 25839.763
8 19400.318
10 15586.231
12 13126.805
14 12450.431
16 11872.705
18 11510.978
20 11138.599
22 10701.270
24 10693.896
2 76808.325
4 38571.349
6 25812.496
8 19378.442
10 15649.353
12 13124.357
14 12429.077
16 11794.827
18 11461.721
20 11237.559
22 10727.579
24 10320.978
2 76824.162
4 38609.167
6 25879.028
8 19420.786
10 15577.776
12 13190.685
14 12433.721
16 11946.942
18 11744.782
20 11139.507
22 10594.325
24 10651.839
2 76865.435
4 38592.213
6 25912.987
8 19398.430
10 15619.987
12 13111.246
14 12479.237
16 11937.530
18 11614.340
20 11083.686
22 10691.259
24 10626.878
2 76846.232
4 38620.587
6 25845.377
8 19499.057
10 15619.846
12 13087.502
14 12429.567
16 11933.627
18 11803.952
20 11168.990
22 10723.958
24 10679.358
2 76838.517
4 38581.894
6 25833.242
8 19446.850
10 15610.991
12 13266.733
14 12513.299
16 11848.561
18 11478.933
20 11433.642
22 10747.159
24 10800.986
