2 48819.690
4 24864.076
6 16698.941
8 12601.338
10 10295.254
12 8758.630
14 8734.164
16 8637.809
18 8519.296
20 8252.923
22 8068.991
24 8398.627
2 48548.137
4 24696.398
6 16676.220
8 12678.387
10 10334.166
12 8736.610
14 8740.667
16 8479.649
18 8380.122
20 8332.155
22 8093.650
24 8197.406
2 48595.393
4 24784.987
6 16727.846
8 12594.414
10 10396.201
12 8753.175
14 8788.073
16 8553.057
18 8462.481
20 8252.461
22 8108.925
24 8360.424
2 48321.436
4 24745.531
6 16628.428
8 12641.191
10 10297.115
12 8784.956
14 8775.423
16 8429.210
18 8311.260
20 8228.174
22 8111.202
24 8189.101
2 48868.213
4 24808.709
6 16672.741
8 12636.080
10 10294.515
12 8822.175
14 8785.526
16 8429.997
18 8493.755
20 8231.494
22 8189.659
24 8145.314
2 48463.436
4 24802.415
6 16677.067
8 12619.564
10 10342.188
12 8833.756
14 8853.408
16 8431.876
18 8425.117
20 8282.059
22 8137.234
24 8330.867
2 48198.958
4 24760.636
6 16680.070
8 12635.062
10 10372.789
12 8745.577
14 8726.636
16 8607.115
18 8496.411
20 8212.378
22 8165.255
24 8231.178
2 48514.645
4 24854.876
6 16712.106
8 12619.282
10 10293.197
12 8820.014
14 8765.216
16 8525.516
18 8444.306
20 8266.017
22 8182.128
24 8179.475
2 48704.199
4 24778.470
6 16729.714
8 12619.009
10 10301.721
12 8797.275
14 8813.803
16 8404.537
18 8431.179
20 8268.813
22 8147.959
24 8359.256
2 48378.489
4 24801.084
6 16754.542
8 12609.295
10 10291.804
12 8846.084
14 8788.171
16 8427.500
18 8317.086
20 8254.675
22 8110.676
24 8207.415
