2 18568.196
4 9336.333
6 6325.160
8 4685.426
10 3915.660
12 3348.115
14 3976.354
16 3353.709
18 3135.219
20 2741.204
22 2639.695
24 2578.059
2 18541.684
4 9331.296
6 6309.933
8 4694.600
10 3876.443
12 3436.643
14 3940.974
16 3352.325
18 3182.563
20 2803.348
22 2867.782
24 2593.473
2 18527.686
4 9283.503
6 6353.831
8 4670.809
10 3920.956
12 3414.170
14 3929.988
16 3370.994
18 3135.241
20 2802.694
22 2586.781
24 2547.848
2 18554.808
4 9319.011
6 6324.608
8 4746.719
10 3824.755
12 3374.413
14 3950.178
16 3358.731
18 3164.747
20 2783.313
22 2577.268
24 2736.356
2 18543.545
4 9337.450
6 6347.063
8 4719.939
10 3958.922
12 3293.955
14 3929.389
16 3507.866
18 3180.938
20 2788.906
22 2575.492
24 2397.873
2 18638.586
4 9290.396
6 6342.189
8 4757.864
10 3856.296
12 3395.900
14 3926.527
16 3359.896
18 3256.885
20 2788.612
22 2579.798
24 2382.098
2 18553.781
4 9313.787
6 6360.438
8 4677.656
10 3897.238
12 3407.135
14 3905.856
16 3347.416
18 3152.006
20 2760.318
22 2646.913
24 2417.722
2 18568.187
4 9345.928
6 6359.325
8 4691.357
10 4052.426
12 3385.865
14 3950.264
16 3607.122
18 3155.014
20 2799.145
22 2578.839
24 2759.000
2 18540.967
4 9348.143
6 6373.635
8 4685.061
10 3879.058
12 3619.825
14 3927.775
16 3367.566
18 3145.501
20 2820.635
22 2570.283
24 2596.092
2 18674.109
4 9328.298
6 6313.056
8 4681.816
10 3888.078
12 3604.421
14 3941.911
16 3370.704
18 3185.624
20 2819.965
22 2740.591
24 2609.829
