2 2254.053
4 1166.247
6 774.143
8 639.328
10 526.183
12 445.834
14 429.289
16 418.697
18 420.249
20 411.136
22 409.509
24 424.679
2 2236.587
4 1136.257
6 794.392
8 651.048
10 521.066
12 472.512
14 429.777
16 423.127
18 417.450
20 415.226
22 408.512
24 450.426
2 2228.657
4 1177.185
6 799.492
8 621.763
10 515.541
12 454.755
14 433.803
16 430.679
18 420.607
20 412.621
22 415.328
24 432.648
2 2266.740
4 1159.396
6 769.958
8 634.725
10 570.769
12 470.856
14 444.144
16 430.185
18 413.470
20 415.481
22 413.779
24 416.572
2 2258.010
4 1156.514
6 777.575
8 610.135
10 514.727
12 461.085
14 449.592
16 429.394
18 440.784
20 422.647
22 420.183
24 427.612
2 2248.160
4 1141.010
6 786.122
8 606.875
10 527.889
12 440.262
14 445.977
16 441.636
18 433.611
20 409.305
22 432.481
24 414.849
2 2245.055
4 1152.071
6 803.367
8 618.609
10 535.853
12 470.157
14 449.021
16 435.741
18 421.542
20 423.864
22 417.640
24 516.929
2 2269.453
4 1170.410
6 785.374
8 630.760
10 577.128
12 482.190
14 434.011
16 424.894
18 430.294
20 421.968
22 440.957
24 427.126
2 2257.709
4 1138.111
6 790.655
8 615.516
10 511.766
12 472.841
14 440.733
16 439.969
18 419.103
20 416.103
22 408.985
24 431.490
2 2259.865
4 1170.530
6 785.288
8 624.679
10 490.678
12 482.502
14 444.492
16 419.489
18 417.777
20 409.399
22 417.601
24 444.024
