2 7697.575
4 3859.960
6 2605.862
8 1957.427
10 1580.121
12 1447.095
14 1251.696
16 1206.429
18 1162.224
20 1119.556
22 1079.852
24 1072.512
2 7693.903
4 3871.980
6 2585.410
8 1962.962
10 1570.507
12 1345.001
14 1256.369
16 1185.491
18 1148.560
20 1122.096
22 1085.301
24 1029.595
2 7687.666
4 3863.625
6 2602.464
8 1948.713
10 1573.968
12 1327.157
14 1257.853
16 1199.130
18 1147.407
20 1116.404
22 1078.840
24 1241.687
2 7700.570
4 3877.909
6 2599.080
8 1974.490
10 1557.511
12 1354.991
14 1305.233
16 1181.987
18 1174.929
20 1124.604
22 1072.204
24 1049.466
2 7719.084
4 3884.083
6 2602.035
8 1961.508
10 1569.221
12 1370.505
14 1257.108
16 1184.792
18 1156.089
20 1103.288
22 1084.003
24 1039.085
2 7706.376
4 3886.777
6 2599.737
8 1969.513
10 1580.950
12 1370.081
14 1246.907
16 1195.913
18 1138.866
20 1118.384
22 1083.938
24 1254.829
2 7697.814
4 3871.249
6 2591.772
8 1952.567
10 1563.819
12 1399.606
14 1256.549
16 1181.435
18 1160.188
20 1168.655
22 1071.958
24 1052.484
2 7704.932
4 3870.628
6 2601.451
8 1991.776
10 1570.996
12 1336.115
14 1259.020
16 1194.651
18 1149.436
20 1135.917
22 1090.717
24 1031.612
2 7707.350
4 3873.511
6 2598.128
8 1959.361
10 1560.033
12 1331.002
14 1253.929
16 1203.297
18 1162.204
20 1116.990
22 1089.971
24 1044.236
2 7719.059
4 3898.138
6 2605.272
8 1962.301
10 1634.620
12 1314.255
14 1261.567
16 1196.733
18 1155.206
20 1111.053
22 1083.605
24 1042.078
