2 191618.052
4 96288.066
6 64466.881
8 49356.492
10 39428.532
12 33422.857
14 39572.422
16 34634.567
18 30718.556
20 28739.809
22 25474.530
24 24613.593
2 191980.698
4 96071.355
6 64611.848
8 48255.171
10 39269.533
12 33304.909
14 39588.091
16 34395.256
18 30841.562
20 28239.163
22 25609.198
24 24702.572
2 192015.639
4 96257.470
6 64880.163
8 50082.037
10 39133.475
12 33467.769
14 39498.668
16 34595.350
18 30814.663
20 30831.530
22 25488.918
24 24446.575
2 192180.169
4 96296.033
6 64796.228
8 48315.590
10 39293.096
12 33454.805
14 39496.385
16 34409.134
18 31007.832
20 28057.059
22 25435.384
24 24225.423
2 192059.914
4 96331.594
6 64986.220
8 48299.906
10 39321.131
12 33625.931
14 39329.427
16 34353.995
18 30490.903
20 27886.668
22 25304.811
24 24496.581
2 191928.591
4 96373.361
6 64609.283
8 48265.609
10 39158.546
12 33294.087
14 39489.810
16 34595.971
18 32376.037
20 31051.615
22 25461.110
24 24568.430
2 191755.809
4 96184.147
6 64528.324
8 48308.317
10 39551.951
12 33097.767
14 39768.627
16 34304.102
18 30792.457
20 27945.001
22 25339.922
24 24222.785
2 192841.091
4 96120.748
6 64550.484
8 48213.450
10 39020.408
12 33450.928
14 39932.345
16 34640.205
18 30932.607
20 27971.336
22 26890.404
24 25996.930
2 192341.797
4 96104.034
6 65075.616
8 48266.006
10 39194.050
12 33227.596
14 39335.823
16 34372.000
18 31005.377
20 29078.972
22 25451.807
24 24464.309
2 192140.104
4 96043.383
6 64660.244
8 48384.666
10 39335.932
12 33330.438
14 40112.284
16 34476.291
18 30815.933
20 27683.954
22 25400.576
24 24926.052
