2 150582.474
4 150578.962
6 150585.925
8 150632.974
10 150669.471
12 150605.146
14 150666.966
16 150629.726
18 150705.353
20 150603.782
22 150689.071
24 150660.846
2 150683.763
4 150609.213
6 150690.055
8 150584.335
10 150812.564
12 150604.320
14 150691.348
16 150632.163
18 150710.186
20 150625.493
22 150696.554
24 150633.946
2 150705.225
4 150611.495
6 150712.197
8 150609.657
10 150738.817
12 150626.240
14 150605.391
16 150590.941
18 150670.471
20 150597.680
22 150631.003
24 150656.901
2 150641.464
4 150650.796
6 150655.562
8 150643.394
10 150618.368
12 150571.187
14 150654.768
16 150631.153
18 150617.202
20 150635.336
22 150621.792
24 150597.983
2 150602.096
4 150637.496
6 150617.542
8 150607.391
10 150574.329
12 150595.693
14 150633.876
16 150715.057
18 150681.843
20 150666.065
22 150684.118
24 150653.060
2 150644.687
4 150705.299
6 150642.135
8 150652.960
10 150662.623
12 150639.208
14 150731.762
16 150636.617
18 150667.409
20 150695.396
22 150690.837
24 150704.136
2 150664.438
4 150905.667
6 151183.987
8 152336.736
10 150614.419
12 150637.995
14 150590.646
16 150592.201
18 150629.869
20 150653.603
22 150582.400
24 150610.745
2 150626.519
4 150585.135
6 150574.710
8 150664.006
10 150648.546
12 150635.764
14 150638.652
16 150649.779
18 150612.851
20 150611.276
22 150596.781
24 150623.631
2 150672.279
4 150763.977
6 150592.172
8 150602.047
10 150599.831
12 150602.599
14 150659.695
16 150556.567
18 150676.228
20 150579.809
22 150615.332
24 150613.853
2 150595.795
4 150686.242
6 150597.635
8 150593.284
10 150583.287
12 150571.879
14 150556.044
16 150695.604
18 150720.467
20 150632.863
22 150603.883
24 150629.182
