2 24519.802
4 16456.819
6 16221.967
8 18340.212
10 21982.321
12 27125.282
14 33253.369
16 34720.969
18 35570.789
20 35938.367
22 36358.388
24 38357.708
2 24639.891
4 16532.388
6 16337.312
8 18639.941
10 22019.949
12 27489.744
14 28608.278
16 35075.724
18 35383.937
20 35766.357
22 36609.183
24 38570.807
2 24540.725
4 16489.633
6 16477.951
8 18117.854
10 22366.387
12 27540.816
14 33203.352
16 35219.524
18 35656.338
20 35115.538
22 35350.069
24 38543.954
2 24622.140
4 16398.365
6 16264.680
8 18608.034
10 22020.559
12 27216.496
14 33100.189
16 34026.503
18 35795.699
20 36257.684
22 36719.390
24 38490.182
2 24999.862
4 16402.692
6 16090.869
8 18443.751
10 21985.819
12 27846.325
14 33201.001
16 35090.080
18 35418.445
20 36182.550
22 36710.177
24 38635.810
2 24713.268
4 16510.599
6 16434.769
8 18229.716
10 19362.667
12 27495.048
14 33180.627
16 34830.624
18 35703.954
20 35968.244
22 36523.086
24 38157.985
2 24609.341
4 16544.718
6 16262.681
8 18075.610
10 19397.596
12 27332.727
14 33031.215
16 34817.314
18 35136.944
20 35186.834
22 36514.306
24 32939.663
2 24591.249
4 16505.988
6 16250.462
8 18235.790
10 19253.332
12 27482.969
14 33289.383
16 34914.230
18 35433.447
20 36267.199
22 36505.617
24 31957.158
2 24652.845
4 16373.835
6 16138.177
8 18072.623
10 22283.624
12 22998.842
14 32607.859
16 35075.602
18 35778.549
20 35851.539
22 36620.142
24 38324.324
2 24698.385
4 16557.743
6 16348.065
8 18599.731
10 19425.182
12 27371.970
14 33555.079
16 35193.779
18 34602.014
20 35147.236
22 36881.075
24 37059.841
