2 148713.576
4 149335.447
6 149185.292
8 149273.814
10 149133.999
12 149253.215
14 149138.487
16 149279.105
18 149202.593
20 149402.351
22 149351.039
24 149235.441
2 149301.552
4 149203.133
6 149200.723
8 149112.060
10 149302.222
12 149489.799
14 149024.977
16 149322.138
18 149054.201
20 149162.562
22 149329.095
24 149163.124
2 149123.250
4 149184.321
6 149292.797
8 149258.151
10 149359.089
12 149154.890
14 149341.683
16 149308.076
18 149046.611
20 149255.712
22 149187.881
24 149290.668
2 149186.522
4 149181.193
6 149224.028
8 149230.687
10 149208.049
12 149147.887
14 149072.176
16 149346.226
18 148958.135
20 149052.109
22 149425.934
24 149241.790
2 149330.443
4 149278.790
6 148996.944
8 149115.426
10 149192.531
12 149397.157
14 149236.844
16 149148.299
18 149263.349
20 149214.911
22 149208.508
24 149380.522
2 149166.028
4 149298.413
6 149272.030
8 149189.921
10 149169.222
12 148985.459
14 149335.984
16 149016.732
18 149320.500
20 149142.508
22 149221.739
24 148843.311
2 149120.505
4 149291.371
6 149177.302
8 149311.769
10 148955.364
12 149334.896
14 148848.936
16 149271.334
18 149214.122
20 149125.869
22 149087.782
24 149261.683
2 149251.537
4 149370.116
6 149138.133
8 149154.293
10 149135.957
12 149161.244
14 149210.462
16 149281.635
18 149133.040
20 149170.192
22 149132.113
24 149160.488
2 149324.413
4 149293.829
6 148849.271
8 149292.836
10 149325.727
12 149302.500
14 149184.679
16 149086.357
18 149063.699
20 149211.396
22 149190.250
24 148887.884
2 148909.608
4 149219.882
6 148906.447
8 149342.528
10 149299.374
12 149289.561
14 149163.329
16 149285.949
18 149323.877
20 149248.831
22 149210.510
24 149271.281
