2 46665.490
4 46681.135
6 46633.919
8 46647.302
10 46643.903
12 46601.745
14 46587.116
16 46591.810
18 46640.414
20 46580.503
22 46606.443
24 46709.535
2 46580.731
4 46638.639
6 46638.127
8 46671.595
10 46646.401
12 46621.655
14 46603.014
16 46669.515
18 46625.936
20 46595.283
22 46632.664
24 46551.940
2 46647.041
4 46585.430
6 46631.406
8 46715.897
10 46647.976
12 46644.602
14 46583.837
16 46595.954
18 46619.704
20 46651.302
22 46647.768
24 46607.076
2 46645.922
4 46611.373
6 46688.897
8 46676.237
10 46634.259
12 46660.992
14 46644.222
16 46586.077
18 46640.560
20 46645.232
22 46613.307
24 46637.430
2 46663.327
4 46697.767
6 46612.819
8 46610.118
10 46621.860
12 46656.202
14 46674.668
16 46716.247
18 46756.135
20 46631.005
22 46633.927
24 46639.907
2 46616.447
4 46617.920
6 46743.586
8 46714.159
10 46680.914
12 46650.055
14 46662.307
16 46666.021
18 46688.107
20 46651.873
22 46574.262
24 46653.864
2 46651.842
4 46624.727
6 46654.782
8 46606.518
10 46659.117
12 46673.193
14 46621.036
16 46700.008
18 46583.613
20 46596.392
22 46657.440
24 46602.759
2 46672.073
4 46686.810
6 46615.267
8 46673.031
10 46668.624
12 46649.127
14 46696.361
16 46679.365
18 46620.129
20 46689.692
22 46624.876
24 46633.578
2 46655.815
4 46630.911
6 46688.589
8 46659.667
10 46620.235
12 46630.006
14 46601.012
16 46612.423
18 46613.430
20 46625.115
22 46628.724
24 46758.885
2 46623.996
4 46607.446
6 46630.524
8 46617.148
10 46646.785
12 46591.415
14 46690.368
16 46627.907
18 46680.021
20 46612.051
22 46647.875
24 46655.935
