2 80.898
4 67.953
6 66.329
8 69.848
10 66.058
12 81.421
14 77.592
16 81.004
18 81.736
20 81.914
22 91.532
24 97.389
2 85.061
4 70.539
6 57.960
8 66.672
10 70.324
12 77.267
14 77.424
16 77.785
18 79.244
20 85.006
22 99.688
24 112.775
2 83.930
4 71.182
6 58.308
8 60.214
10 71.362
12 78.526
14 75.800
16 73.909
18 83.795
20 87.320
22 94.081
24 106.941
2 80.159
4 68.015
6 41.425
8 53.109
10 77.678
12 59.362
14 67.431
16 75.149
18 82.572
20 88.286
22 97.049
24 131.402
2 92.263
4 72.191
6 61.892
8 68.160
10 76.563
12 72.762
14 66.535
16 76.300
18 80.924
20 75.848
22 88.538
24 109.324
2 85.555
4 71.100
6 59.030
8 54.041
10 66.912
12 72.096
14 79.385
16 76.956
18 72.854
20 78.578
22 94.798
24 102.012
2 87.378
4 44.509
6 63.572
8 53.249
10 68.011
12 73.911
14 73.539
16 69.996
18 76.011
20 86.771
22 83.355
24 96.243
2 84.351
4 70.051
6 59.304
8 59.194
10 74.275
12 79.066
14 77.563
16 75.375
18 80.083
20 84.276
22 94.155
24 241.474
2 85.640
4 74.498
6 63.348
8 65.336
10 70.269
12 61.340
14 77.800
16 78.516
18 75.322
20 73.947
22 95.747
24 100.565
2 72.559
4 70.311
6 59.150
8 67.409
10 56.536
12 72.699
14 73.320
16 79.545
18 71.643
20 87.793
22 95.364
24 97.652
