2 151.049
4 150.917
6 152.091
8 148.504
10 141.993
12 155.915
14 143.768
16 136.527
18 137.925
20 168.457
22 155.874
24 155.714
2 147.069
4 143.943
6 145.666
8 154.412
10 156.004
12 147.262
14 145.565
16 134.267
18 145.055
20 151.735
22 148.026
24 148.450
2 157.347
4 143.744
6 143.782
8 150.458
10 151.232
12 149.310
14 143.981
16 132.585
18 148.842
20 144.412
22 140.423
24 134.316
2 144.191
4 154.641
6 137.553
8 152.758
10 153.337
12 159.802
14 140.676
16 153.996
18 141.393
20 156.618
22 150.517
24 154.878
2 128.981
4 133.119
6 151.705
8 148.934
10 157.206
12 154.631
14 130.781
16 148.057
18 155.037
20 130.433
22 146.593
24 153.206
2 130.291
4 150.442
6 144.779
8 155.507
10 154.423
12 148.329
14 152.236
16 152.832
18 155.795
20 155.492
22 145.198
24 152.918
2 153.024
4 138.401
6 137.910
8 151.564
10 150.821
12 133.987
14 155.581
16 146.771
18 153.940
20 154.950
22 154.781
24 148.753
2 153.407
4 157.171
6 135.224
8 140.210
10 147.248
12 150.758
14 148.440
16 133.193
18 154.266
20 149.219
22 150.442
24 154.508
2 154.614
4 132.847
6 147.992
8 148.200
10 149.214
12 153.365
14 141.310
16 148.480
18 148.996
20 147.340
22 156.667
24 134.615
2 154.948
4 156.590
6 154.957
8 150.886
10 148.341
12 156.175
14 144.277
16 154.795
18 150.006
20 149.077
22 147.320
24 147.521
