2 68.308
4 37.246
6 41.364
8 34.048
10 28.101
12 24.069
14 26.976
16 21.569
18 15.627
20 16.262
22 15.570
24 14.623
2 67.585
4 39.782
6 28.510
8 33.864
10 18.214
12 22.431
14 21.562
16 22.317
18 20.765
20 18.918
22 19.878
24 26.446
2 68.844
4 37.594
6 26.907
8 30.290
10 27.450
12 24.451
14 20.581
16 18.830
18 21.131
20 19.916
22 17.396
24 23.469
2 68.478
4 39.108
6 26.891
8 22.325
10 18.793
12 23.471
14 17.832
16 19.093
18 17.468
20 19.760
22 15.404
24 46.285
2 69.078
4 37.595
6 28.142
8 21.338
10 18.422
12 20.792
14 18.049
16 19.353
18 20.636
20 16.371
22 17.207
24 18.113
2 68.392
4 38.011
6 36.931
8 33.573
10 21.345
12 27.242
14 20.172
16 19.292
18 19.069
20 18.926
22 17.377
24 19.947
2 68.332
4 48.258
6 26.670
8 22.102
10 19.129
12 15.760
14 24.955
16 19.093
18 17.051
20 19.619
22 19.462
24 20.234
2 67.325
4 33.018
6 26.411
8 34.486
10 28.175
12 24.181
14 21.201
16 16.963
18 16.539
20 16.581
22 21.533
24 14.422
2 67.915
4 38.083
6 27.022
8 21.314
10 21.040
12 14.308
14 20.625
16 19.144
18 18.049
20 18.138
22 17.477
24 49.480
2 68.184
4 25.525
6 25.136
8 23.002
10 27.745
12 29.040
14 21.044
16 19.197
18 14.947
20 16.470
22 16.053
24 19.397
