2 78.521
4 43.432
6 34.910
8 39.579
10 18.803
12 22.055
14 35.452
16 23.998
18 26.035
20 26.936
22 35.736
24 31.519
2 78.982
4 44.060
6 51.847
8 40.336
10 22.742
12 38.806
14 24.255
16 22.070
18 26.313
20 24.262
22 19.410
24 29.913
2 78.402
4 44.739
6 34.513
8 38.763
10 27.624
12 31.586
14 34.099
16 22.651
18 24.295
20 19.678
22 26.253
24 30.691
2 78.505
4 43.293
6 34.650
8 35.476
10 24.285
12 24.218
14 20.942
16 22.450
18 22.871
20 25.830
22 26.027
24 72.877
2 78.720
4 44.173
6 35.000
8 39.801
10 37.150
12 23.806
14 25.051
16 22.594
18 26.018
20 22.534
22 19.032
24 26.942
2 78.259
4 46.035
6 27.779
8 37.579
10 39.338
12 24.962
14 24.032
16 22.004
18 26.458
20 21.863
22 22.201
24 20.817
2 79.060
4 43.981
6 48.692
8 35.340
10 22.501
12 30.995
14 24.618
16 23.274
18 22.542
20 23.947
22 22.133
24 51.816
2 78.661
4 43.402
6 50.747
8 26.048
10 23.887
12 23.275
14 36.309
16 21.227
18 14.333
20 21.563
22 24.859
24 47.524
2 78.409
4 43.119
6 35.070
8 24.533
10 27.676
12 24.925
14 24.021
16 22.488
18 22.436
20 33.717
22 26.529
24 58.301
2 79.192
4 43.830
6 47.225
8 39.362
10 24.390
12 36.521
14 24.637
16 20.030
18 22.302
20 22.922
22 24.158
24 91.126
