2 98.319
4 102.526
6 102.013
8 108.138
10 107.572
12 99.428
14 82.307
16 99.133
18 108.642
20 108.783
22 88.884
24 101.224
2 101.060
4 108.448
6 92.080
8 95.528
10 83.806
12 107.850
14 96.474
16 96.696
18 97.811
20 98.200
22 107.575
24 103.230
2 108.750
4 101.119
6 102.625
8 86.043
10 108.323
12 102.203
14 93.945
16 102.858
18 106.851
20 108.818
22 98.065
24 108.565
2 108.035
4 108.761
6 107.537
8 84.822
10 101.052
12 120.468
14 108.091
16 102.212
18 108.914
20 101.268
22 95.846
24 97.754
2 101.433
4 107.619
6 100.394
8 103.651
10 102.338
12 82.188
14 103.480
16 106.963
18 108.394
20 102.726
22 93.547
24 105.863
2 95.977
4 102.258
6 94.049
8 108.801
10 84.035
12 102.302
14 107.596
16 101.186
18 107.966
20 94.709
22 103.994
24 104.823
2 82.157
4 108.455
6 99.788
8 102.830
10 107.009
12 97.912
14 106.541
16 107.870
18 101.434
20 106.524
22 98.251
24 102.110
2 101.040
4 106.469
6 99.427
8 102.863
10 102.499
12 82.257
14 107.557
16 99.462
18 98.609
20 101.105
22 102.898
24 101.587
2 106.701
4 105.930
6 82.206
8 94.543
10 102.015
12 98.659
14 85.452
16 96.897
18 100.073
20 89.272
22 91.607
24 101.941
2 102.967
4 100.996
6 102.561
8 108.441
10 108.349
12 105.285
14 95.057
16 107.338
18 97.620
20 106.571
22 89.502
24 108.339
