2 92.622
4 85.958
6 108.172
8 105.694
10 106.966
12 127.354
14 126.545
16 102.921
18 102.473
20 113.554
22 127.772
24 126.364
2 108.198
4 97.910
6 104.573
8 107.644
10 110.085
12 93.699
14 101.225
16 99.982
18 133.633
20 137.815
22 130.293
24 143.262
2 109.323
4 108.278
6 108.119
8 105.779
10 116.215
12 112.660
14 103.254
16 103.257
18 116.728
20 122.976
22 130.308
24 135.716
2 98.711
4 105.897
6 105.061
8 97.305
10 111.083
12 112.659
14 94.450
16 119.518
18 118.604
20 108.683
22 126.920
24 131.318
2 108.293
4 107.154
6 86.986
8 110.598
10 94.256
12 114.131
14 97.411
16 115.690
18 106.104
20 137.504
22 127.295
24 129.935
2 102.993
4 101.975
6 103.809
8 102.403
10 103.901
12 111.229
14 103.685
16 109.402
18 117.034
20 111.450
22 131.261
24 129.043
2 105.657
4 94.434
6 96.031
8 95.327
10 95.623
12 115.805
14 127.109
16 98.049
18 109.614
20 125.987
22 133.157
24 143.344
2 109.960
4 99.412
6 94.421
8 93.591
10 96.107
12 109.359
14 113.789
16 119.553
18 121.213
20 121.724
22 117.724
24 130.962
2 110.417
4 107.807
6 95.593
8 89.321
10 102.925
12 90.791
14 110.864
16 111.076
18 117.627
20 118.836
22 137.499
24 131.319
2 103.239
4 110.402
6 111.023
8 101.713
10 106.828
12 108.136
14 109.601
16 110.148
18 110.040
20 142.795
22 126.351
24 132.344
