2 104.473
4 105.140
6 82.485
8 94.445
10 87.950
12 98.472
14 94.576
16 106.279
18 99.026
20 96.724
22 104.818
24 98.481
2 94.806
4 105.168
6 96.036
8 85.964
10 106.029
12 98.388
14 102.073
16 105.647
18 138.239
20 105.705
22 105.904
24 104.406
2 105.850
4 99.181
6 98.965
8 103.900
10 79.751
12 98.641
14 82.890
16 103.575
18 94.819
20 106.798
22 100.587
24 103.869
2 79.943
4 104.318
6 103.981
8 106.450
10 99.077
12 105.194
14 80.498
16 106.268
18 103.706
20 88.243
22 81.986
24 97.431
2 105.781
4 99.394
6 106.637
8 103.481
10 98.340
12 104.647
14 99.910
16 97.930
18 79.764
20 87.814
22 97.767
24 100.900
2 103.945
4 98.868
6 87.668
8 89.426
10 93.772
12 106.225
14 105.928
16 92.837
18 101.832
20 103.271
22 91.696
24 103.931
2 98.196
4 90.671
6 105.140
8 98.868
10 104.886
12 91.317
14 106.205
16 106.035
18 100.995
20 101.199
22 105.720
24 99.352
2 100.195
4 105.194
6 106.556
8 97.864
10 106.045
12 96.961
14 87.268
16 105.340
18 80.509
20 105.334
22 101.590
24 100.187
2 106.190
4 103.509
6 95.058
8 84.351
10 106.380
12 94.628
14 101.488
16 79.767
18 79.685
20 98.496
22 105.018
24 82.852
2 88.896
4 101.616
6 103.570
8 105.303
10 94.558
12 97.964
14 97.761
16 104.004
18 79.716
20 103.609
22 94.845
24 106.174
