2 12630.332
4 12599.519
6 12621.314
8 12661.541
10 12676.347
12 12633.052
14 12608.807
16 12595.725
18 12628.617
20 12624.923
22 12661.953
24 12662.991
2 12639.850
4 12613.387
6 12626.317
8 12630.225
10 12638.112
12 12613.498
14 12651.969
16 12652.991
18 12658.794
20 12609.251
22 12672.140
24 12623.664
2 12646.921
4 12595.879
6 12647.172
8 13080.990
10 12701.943
12 12650.820
14 13026.920
16 12633.440
18 12608.014
20 12624.010
22 12622.687
24 12606.621
2 12726.680
4 12631.786
6 12627.124
8 12635.385
10 12685.630
12 12624.398
14 12603.873
16 12651.602
18 12656.325
20 12626.982
22 12647.329
24 12604.298
2 12611.443
4 12604.982
6 12608.100
8 12632.553
10 12699.301
12 12632.830
14 12665.366
16 12602.862
18 12632.629
20 12626.772
22 12621.021
24 12643.608
2 12635.145
4 12606.266
6 12599.509
8 12602.009
10 12630.922
12 12621.226
14 12607.161
16 12632.351
18 12612.237
20 12625.288
22 12646.079
24 12630.196
2 12605.927
4 12608.538
6 12614.274
8 12629.922
10 12609.321
12 12633.534
14 12603.437
16 12665.923
18 12631.660
20 12642.167
22 12613.652
24 12657.064
2 12658.077
4 12661.734
6 12644.786
8 12931.659
10 12598.225
12 12661.867
14 12622.259
16 12705.686
18 12636.388
20 12606.619
22 12658.952
24 12604.519
2 12610.198
4 12623.670
6 12593.907
8 12606.118
10 12639.789
12 12621.728
14 12656.963
16 12747.261
18 12610.000
20 12632.782
22 12610.659
24 12654.361
2 12610.933
4 12682.183
6 12621.926
8 12593.599
10 12618.816
12 13013.591
14 12601.204
16 12652.289
18 12607.871
20 12594.364
22 12630.426
24 12627.650
