2 7071.093
4 7090.281
6 7066.183
8 7081.896
10 7065.816
12 7072.932
14 7064.718
16 7097.797
18 7094.164
20 7080.294
22 7071.033
24 7085.797
2 7095.720
4 7088.102
6 7121.085
8 7087.049
10 7135.311
12 7089.116
14 7177.651
16 7090.802
18 7099.232
20 7068.709
22 7095.764
24 7094.970
2 7095.102
4 7091.900
6 7082.293
8 7066.250
10 7091.926
12 7114.657
14 7079.402
16 7122.655
18 7117.660
20 7114.120
22 7092.214
24 7113.474
2 7115.402
4 7109.284
6 7135.042
8 7096.606
10 7116.838
12 7092.994
14 7112.449
16 7115.892
18 7092.743
20 7099.764
22 7064.869
24 7083.891
2 7142.272
4 7067.702
6 7094.142
8 7066.979
10 7098.561
12 7110.364
14 7095.758
16 7110.888
18 7131.305
20 7090.286
22 7074.312
24 7096.264
2 7103.081
4 7068.502
6 7100.112
8 7141.973
10 7068.310
12 7106.863
14 7093.143
16 7094.500
18 7098.160
20 7089.646
22 7073.886
24 7076.470
2 7092.324
4 7130.146
6 7084.346
8 7085.424
10 7068.429
12 7068.978
14 7086.683
16 7072.371
18 7100.163
20 7148.475
22 7093.518
24 7077.767
2 7108.319
4 7081.972
6 7095.557
8 7113.071
10 7091.756
12 7119.101
14 7086.865
16 7093.636
18 7111.193
20 7104.946
22 7074.837
24 7064.779
2 7091.682
4 7067.307
6 7072.480
8 7064.736
10 7066.644
12 7067.624
14 7068.309
16 7067.851
18 7077.062
20 7146.695
22 7069.836
24 7076.782
2 7104.907
4 7090.668
6 7151.552
8 7089.922
10 7102.533
12 7094.491
14 7079.096
16 7092.061
18 7144.956
20 7108.925
22 7064.129
24 7068.370
