2 4087.091
4 2126.821
6 1462.353
8 1151.981
10 942.873
12 842.622
14 859.731
16 829.490
18 825.530
20 811.807
22 796.670
24 4806.539
2 4066.881
4 2147.862
6 1472.292
8 1141.228
10 964.433
12 870.967
14 847.950
16 838.386
18 829.169
20 819.254
22 804.448
24 5310.631
2 4046.722
4 2136.695
6 1464.194
8 1127.336
10 937.668
12 862.511
14 837.408
16 841.123
18 825.664
20 809.868
22 803.825
24 3775.700
2 4040.388
4 2145.700
6 1464.209
8 1125.530
10 942.606
12 852.269
14 851.415
16 842.292
18 824.292
20 803.680
22 792.029
24 2678.214
2 4039.675
4 2132.122
6 1469.841
8 1125.748
10 1036.631
12 880.618
14 852.827
16 841.548
18 832.766
20 801.723
22 797.721
24 4447.788
2 4050.871
4 2125.355
6 1476.657
8 1144.640
10 941.609
12 883.441
14 858.874
16 844.244
18 822.088
20 837.685
22 810.955
24 3487.657
2 4069.702
4 2148.726
6 1475.190
8 1139.018
10 949.016
12 859.662
14 854.886
16 854.338
18 839.823
20 823.412
22 806.359
24 2451.349
2 4054.606
4 2132.217
6 1462.888
8 1130.193
10 936.177
12 859.149
14 845.595
16 840.388
18 833.361
20 810.413
22 798.599
24 6057.577
2 4047.012
4 2126.187
6 1459.007
8 1158.181
10 925.775
12 890.727
14 854.814
16 839.837
18 819.484
20 813.788
22 811.042
24 5858.979
2 4036.203
4 2147.059
6 1493.832
8 1125.881
10 944.728
12 861.671
14 855.841
16 809.526
18 834.718
20 790.143
22 807.145
24 4373.959
