2 7468.110
4 7470.005
6 7553.089
8 7462.863
10 7449.253
12 7528.302
14 7444.465
16 7537.521
18 7448.587
20 7469.639
22 7464.691
24 7500.929
2 7455.783
4 7492.529
6 7453.844
8 7450.610
10 7483.261
12 7477.345
14 7478.954
16 7483.992
18 7471.724
20 7462.135
22 7496.678
24 7487.114
2 7460.924
4 7471.686
6 7448.430
8 7457.963
10 7479.001
12 7452.406
14 7458.032
16 7467.950
18 7507.260
20 7488.186
22 7498.079
24 7453.332
2 7477.120
4 7469.911
6 7459.483
8 7444.434
10 7488.293
12 7463.765
14 7450.679
16 7466.344
18 7459.036
20 7451.419
22 7474.857
24 7465.560
2 7464.284
4 7482.893
6 7449.582
8 7471.551
10 7456.797
12 7458.474
14 7478.686
16 7487.598
18 7497.335
20 7485.186
22 7469.138
24 7479.746
2 7449.702
4 7451.578
6 7450.045
8 7446.105
10 7472.408
12 7458.138
14 7489.533
16 7488.521
18 7468.187
20 7514.896
22 7472.566
24 7473.120
2 7451.803
4 7504.093
6 7525.479
8 7447.430
10 7454.518
12 7446.233
14 7480.710
16 7453.469
18 7454.635
20 7472.797
22 7447.826
24 7454.710
2 7451.866
4 7479.809
6 7489.487
8 7481.058
10 7496.226
12 7494.610
14 7477.824
16 7475.083
18 7471.241
20 7453.505
22 7454.360
24 7452.930
2 7459.783
4 7448.680
6 7459.394
8 7450.231
10 7463.409
12 7445.613
14 7460.758
16 7477.850
18 7468.140
20 7451.442
22 7464.957
24 7475.367
2 7458.550
4 7478.172
6 7450.077
8 7457.983
10 7458.411
12 7452.634
14 7485.199
16 7491.456
18 7468.893
20 7451.142
22 7448.261
24 7448.174
