2 48.210
4 48.273
6 48.374
8 48.237
10 48.237
12 48.906
14 48.632
16 48.324
18 49.472
20 47.923
22 48.535
24 48.545
2 49.231
4 47.941
6 48.038
8 48.133
10 48.993
12 48.519
14 48.354
16 48.527
18 48.522
20 47.943
22 48.327
24 48.645
2 48.287
4 48.309
6 47.969
8 48.025
10 50.908
12 48.074
14 48.997
16 47.951
18 48.103
20 47.894
22 48.313
24 48.370
2 47.886
4 48.099
6 48.028
8 47.922
10 48.031
12 47.877
14 48.219
16 48.216
18 48.178
20 48.000
22 47.966
24 47.973
2 48.274
4 48.205
6 48.221
8 48.336
10 48.224
12 48.590
14 47.938
16 49.676
18 49.292
20 48.246
22 47.902
24 48.403
2 48.295
4 48.209
6 48.234
8 47.909
10 47.903
12 48.140
14 48.023
16 48.849
18 48.333
20 48.639
22 48.482
24 48.355
2 49.167
4 48.014
6 48.187
8 48.484
10 48.216
12 47.969
14 47.959
16 48.728
18 48.404
20 47.905
22 47.896
24 48.075
2 48.152
4 48.111
6 48.852
8 48.144
10 48.662
12 47.870
14 48.369
16 48.280
18 47.951
20 49.599
22 48.043
24 47.952
2 48.185
4 48.066
6 48.012
8 48.147
10 48.457
12 48.344
14 47.891
16 47.994
18 49.766
20 48.189
22 48.076
24 48.519
2 49.145
4 48.070
6 48.190
8 48.729
10 48.191
12 48.502
14 48.212
16 47.884
18 47.888
20 48.708
22 48.771
24 48.346
