2 4990.850
4 4964.508
6 5008.395
8 5009.252
10 5053.885
12 5103.957
14 5890.042
16 6539.779
18 6958.493
20 7161.251
22 7253.540
24 7531.856
2 4971.241
4 4988.125
6 4985.908
8 5021.640
10 5038.008
12 5098.795
14 5939.783
16 6505.598
18 6910.772
20 7188.001
22 7269.555
24 7597.078
2 4972.402
4 5039.079
6 4968.899
8 4999.852
10 5103.479
12 5026.317
14 5850.145
16 6902.508
18 6924.203
20 7146.213
22 7212.397
24 7760.426
2 4974.107
4 4952.831
6 4982.977
8 4962.774
10 5000.330
12 5065.159
14 5965.220
16 6648.070
18 6890.616
20 7160.318
22 7333.715
24 7599.805
2 4972.998
4 4970.546
6 4992.102
8 4990.940
10 4991.391
12 5046.322
14 6151.111
16 6656.798
18 6958.170
20 7090.945
22 7232.769
24 7561.860
2 4988.436
4 4966.360
6 4991.105
8 4992.277
10 4999.981
12 4966.219
14 6051.568
16 6464.142
18 7100.714
20 7266.649
22 7449.991
24 7543.575
2 4989.814
4 4955.398
6 4979.938
8 4980.958
10 4994.684
12 5053.732
14 5914.613
16 6557.157
18 6822.590
20 7128.941
22 7287.018
24 7534.295
2 4994.773
4 5050.759
6 4976.000
8 4996.688
10 4990.232
12 5087.160
14 5920.963
16 6545.584
18 6984.194
20 7175.661
22 7237.117
24 7789.678
2 4968.409
4 4976.530
6 4967.355
8 4986.273
10 5057.731
12 5018.896
14 6018.806
16 6570.507
18 7084.294
20 7226.364
22 7532.996
24 7527.860
2 4988.112
4 4990.973
6 4949.832
8 4965.402
10 4985.012
12 5055.438
14 5856.656
16 6616.921
18 6972.406
20 7244.810
22 7280.742
24 7577.426
