2 4242.403
4 2216.319
6 1633.241
8 1350.358
10 1195.376
12 1104.715
14 1144.433
16 1037.462
18 968.693
20 948.237
22 939.394
24 2131.714
2 4266.932
4 2217.441
6 1621.684
8 1384.837
10 1155.320
12 1061.870
14 1138.729
16 1033.507
18 964.627
20 945.320
22 933.156
24 2085.124
2 4242.393
4 2221.244
6 1627.315
8 1378.397
10 1129.783
12 1095.692
14 1137.086
16 1039.578
18 975.949
20 969.326
22 946.498
24 3152.098
2 4224.383
4 2216.239
6 1629.328
8 1376.547
10 1141.634
12 1185.627
14 1137.753
16 1031.324
18 974.551
20 950.566
22 928.112
24 2466.705
2 4245.403
4 2228.961
6 1625.233
8 1351.978
10 1201.775
12 1051.418
14 1137.838
16 1034.306
18 962.157
20 980.490
22 930.902
24 2003.165
2 4241.276
4 2225.233
6 1657.954
8 1358.181
10 1143.762
12 1160.612
14 1138.261
16 1034.752
18 961.248
20 882.862
22 922.341
24 2072.879
2 4249.551
4 2219.705
6 1655.322
8 1366.900
10 1164.066
12 1065.167
14 1138.173
16 1033.215
18 985.605
20 971.448
22 885.690
24 2241.768
2 4258.668
4 2237.331
6 1645.345
8 1353.684
10 1127.198
12 1038.456
14 1134.431
16 1041.922
18 966.178
20 953.417
22 939.485
24 2340.987
2 4251.873
4 2230.096
6 1638.171
8 1368.055
10 1137.682
12 1079.634
14 1154.992
16 1039.493
18 981.348
20 961.598
22 932.932
24 2131.410
2 4229.337
4 2225.132
6 1641.439
8 1363.057
10 1158.491
12 1057.530
14 1147.989
16 1067.957
18 983.680
20 951.134
22 927.730
24 2014.604
