2 5209.918
4 3050.085
6 2416.350
8 2106.118
10 1962.013
12 1954.300
14 1977.157
16 1994.516
18 2017.493
20 2029.318
22 2055.009
24 14153.156
2 5217.923
4 3138.257
6 2445.585
8 2080.909
10 1956.516
12 1896.768
14 1991.369
16 1963.100
18 2024.750
20 2044.066
22 2070.946
24 9442.838
2 5205.012
4 3192.459
6 2379.208
8 2085.508
10 1967.241
12 1938.218
14 1966.991
16 2004.682
18 2000.305
20 2006.755
22 2090.598
24 11236.326
2 5193.282
4 3156.613
6 2468.872
8 2090.813
10 1963.140
12 1913.166
14 1992.968
16 1995.600
18 2002.298
20 2053.504
22 2064.896
24 9177.652
2 5166.430
4 3165.205
6 2439.002
8 2122.197
10 1939.676
12 1933.132
14 1973.784
16 1982.485
18 2000.022
20 2038.734
22 2103.810
24 6888.021
2 5230.605
4 3153.799
6 2421.965
8 2125.716
10 1961.344
12 1947.477
14 2007.921
16 1989.876
18 1974.308
20 2017.161
22 2072.560
24 10426.357
2 5204.840
4 3161.899
6 2421.367
8 2101.803
10 1956.636
12 1923.580
14 1966.066
16 1971.678
18 1990.604
20 2025.570
22 2079.931
24 9781.688
2 5241.056
4 3128.504
6 2415.369
8 2081.471
10 1923.558
12 1895.119
14 1977.402
16 1958.572
18 2036.957
20 2041.655
22 2092.507
24 5942.286
2 5234.114
4 3154.288
6 2439.917
8 2113.056
10 1966.139
12 1928.238
14 1985.247
16 1989.906
18 1994.178
20 2030.897
22 2048.966
24 5971.484
2 5250.791
4 3143.199
6 2447.053
8 2080.336
10 1951.396
12 1920.072
14 1981.789
16 1991.045
18 2005.922
20 1997.735
22 2052.566
24 5135.984
