2 579.145
4 565.734
6 564.530
8 564.719
10 564.318
12 563.302
14 569.415
16 564.673
18 574.693
20 567.116
22 575.673
24 566.541
2 567.665
4 564.251
6 564.706
8 564.811
10 564.394
12 571.783
14 568.350
16 577.647
18 567.200
20 576.684
22 565.420
24 564.758
2 566.702
4 572.573
6 575.896
8 565.386
10 564.284
12 565.058
14 565.327
16 568.418
18 582.481
20 565.591
22 571.604
24 569.420
2 565.615
4 565.297
6 565.589
8 565.179
10 564.722
12 572.423
14 566.182
16 564.888
18 565.196
20 565.473
22 565.122
24 564.443
2 566.454
4 567.413
6 568.706
8 572.503
10 569.647
12 568.728
14 582.739
16 566.717
18 568.411
20 568.246
22 565.824
24 567.041
2 566.526
4 567.411
6 565.697
8 565.555
10 570.455
12 569.185
14 565.722
16 566.105
18 566.087
20 566.403
22 566.645
24 566.111
2 567.956
4 565.884
6 565.890
8 569.358
10 568.489
12 573.223
14 577.587
16 571.759
18 576.430
20 571.976
22 566.119
24 566.081
2 567.842
4 565.605
6 565.495
8 567.435
10 566.628
12 566.022
14 567.329
16 585.372
18 570.070
20 566.806
22 571.426
24 570.182
2 574.103
4 565.550
6 567.670
8 579.237
10 566.582
12 566.672
14 567.501
16 583.093
18 568.656
20 582.837
22 569.378
24 570.850
2 580.632
4 569.630
6 571.722
8 583.023
10 569.253
12 569.021
14 568.482
16 574.282
18 585.316
20 571.017
22 568.643
24 575.163
