2 22007.307
4 13121.534
6 10592.483
8 11677.883
10 10923.530
12 10118.819
14 8447.574
16 7395.919
18 13556.739
20 30193.827
22 69300.136
24 75597.106
2 22272.526
4 13695.242
6 13214.368
8 12819.513
10 11255.359
12 10269.714
14 8574.265
16 7939.106
18 21428.729
20 46198.805
22 74359.914
24 80558.793
2 22766.718
4 16388.152
6 15792.940
8 13482.300
10 11671.037
12 10428.652
14 9895.535
16 17814.379
18 41772.090
20 72664.312
22 101852.399
24 122438.252
2 32126.177
4 22382.287
6 17210.675
8 13825.736
10 11757.136
12 11061.180
14 21668.486
16 39145.063
18 47336.612
20 57597.482
22 66732.906
24 118542.126
2 41066.837
4 23577.675
6 15439.019
8 14096.080
10 12796.793
12 15388.270
14 25623.867
16 31392.858
18 45554.534
20 68025.855
22 100494.078
24 124950.253
2 34869.454
4 20482.307
6 15852.999
8 14110.262
10 6754.533
12 8439.005
14 8002.121
16 7087.101
18 6840.240
20 6682.538
22 6808.231
24 72577.222
2 21974.764
4 12773.719
6 9430.535
8 7523.251
10 6592.071
12 8545.984
14 8089.945
16 7052.439
18 6877.354
20 6748.510
22 6691.258
24 72710.183
2 21956.673
4 12758.147
6 9427.679
8 7511.323
10 6582.463
12 8461.870
14 7924.550
16 6944.747
18 6852.559
20 6848.874
22 6660.771
24 72787.941
2 21911.466
4 12779.002
6 9440.403
8 7515.489
10 6585.526
12 8518.851
14 7973.298
16 6947.837
18 6837.895
20 6741.509
22 7003.888
24 72428.132
2 21974.622
4 12806.543
6 9442.345
8 7566.486
10 6666.998
12 8572.736
14 8103.633
16 6986.371
18 6792.982
20 6770.621
22 6748.426
24 73320.930
