2 151009.838
4 159136.610
6 166328.030
8 186137.236
10 209716.119
12 209252.010
14 177952.919
16 148503.003
18 148181.189
20 148360.959
22 148689.173
24 148600.237
2 148350.765
4 148084.312
6 147854.778
8 147493.873
10 147735.826
12 147718.332
14 147436.111
16 146921.115
18 146061.586
20 146723.661
22 147707.470
24 147641.663
2 148706.374
4 150719.602
6 159034.878
8 170973.091
10 184427.455
12 213209.560
14 206648.193
16 171013.780
18 148738.122
20 148313.949
22 148312.497
24 148393.205
2 148474.303
4 148215.767
6 147924.853
8 147747.578
10 147571.059
12 147647.230
14 147296.031
16 146978.924
18 146545.137
20 147049.718
22 147115.810
24 147293.460
2 148232.379
4 148782.640
6 149297.530
8 159321.890
10 165914.995
12 181905.322
14 205201.054
16 207224.296
18 173582.268
20 148028.778
22 148119.633
24 148373.491
2 148422.698
4 148445.304
6 148495.045
8 148247.162
10 147452.421
12 147123.483
14 147637.904
16 147054.583
18 146610.232
20 147000.251
22 147713.619
24 147411.489
2 147378.258
4 148611.586
6 148415.965
8 149873.192
10 159537.072
12 169334.021
14 185201.678
16 216836.683
18 204417.576
20 164035.939
22 148311.312
24 148384.164
2 148450.572
4 148370.673
6 148391.144
8 148530.837
10 147683.162
12 147731.522
14 147345.523
16 147353.527
18 146834.974
20 147756.624
22 147287.134
24 147036.518
2 147430.939
4 147767.149
6 147829.525
8 149253.297
10 151439.205
12 159885.161
14 175944.838
16 194004.261
18 211188.828
20 204661.775
22 157885.451
24 148294.862
2 148088.882
4 148377.795
6 148122.140
8 148630.007
10 148391.954
12 147831.807
14 147427.848
16 147880.939
18 147830.457
20 147564.834
22 147598.328
24 147077.969
