2 99354.272
4 48170.815
6 37065.502
8 24772.670
10 24002.144
12 18522.209
14 23846.557
16 18376.705
18 18416.113
20 18326.469
22 18226.454
24 18795.291
2 96328.235
4 49198.938
6 36044.049
8 24148.326
10 24135.950
12 18487.063
14 23956.426
16 18348.300
18 18355.552
20 18363.716
22 18234.868
24 18977.804
2 96435.584
4 48204.806
6 35993.707
8 24448.150
10 24099.401
12 18601.360
14 23598.792
16 18325.033
18 18361.436
20 18407.716
22 18248.123
24 19033.190
2 98316.253
4 49507.607
6 36108.072
8 24342.838
10 24162.888
12 18511.353
14 23690.368
16 18343.331
18 18394.796
20 18323.965
22 18368.777
24 19273.247
2 96416.405
4 49613.041
6 36020.671
8 25435.034
10 24031.716
12 18928.838
14 23938.775
16 18348.367
18 18365.373
20 18338.843
22 18318.510
24 19304.860
2 96338.824
4 48720.846
6 36846.524
8 24998.393
10 23928.024
12 18567.062
14 23739.700
16 18382.344
18 18353.015
20 18373.911
22 18408.555
24 19142.627
2 96556.697
4 48044.286
6 35913.928
8 24251.637
10 24035.764
12 18443.926
14 23953.601
16 18342.551
18 18345.085
20 18312.982
22 18304.025
24 18639.080
2 96347.497
4 48124.456
6 36013.020
8 24556.671
10 24083.269
12 18404.868
14 24005.368
16 18342.896
18 18327.313
20 18340.196
22 18220.537
24 19325.610
2 98471.460
4 48787.828
6 36036.498
8 24218.373
10 24149.482
12 18554.712
14 23966.922
16 18302.666
18 18347.919
20 18345.893
22 18271.417
24 19446.100
2 68471.460
4 45787.828
6 36536.498
8 19236.373
10 24149.482
12 24691.712
14 32000.922
16 18302.666
18 26871.919
20 39716.893
22 65692.417
24 19446.100
