2 75018.726
4 40766.390
6 30242.733
8 26309.529
10 25841.494
12 27124.122
14 28404.715
16 28236.054
18 28371.958
20 28560.530
22 102729.844
24 162174.621
2 76134.748
4 40877.229
6 30700.672
8 27158.978
10 27362.625
12 28212.894
14 29805.201
16 29640.222
18 30006.183
20 80153.609
22 121817.911
24 164234.736
2 75708.119
4 38268.769
6 34020.864
8 32633.918
10 32425.499
12 32245.064
14 33668.829
16 39715.967
18 72566.066
20 106900.028
22 125280.811
24 171863.157
2 82140.197
4 52241.746
6 43596.591
8 39279.215
10 38657.865
12 42620.062
14 55978.550
16 85772.097
18 103137.677
20 116091.727
22 137534.356
24 198742.624
2 131210.264
4 58503.817
6 41567.486
8 41814.532
10 46348.653
12 61632.108
14 87403.182
16 96238.433
18 78048.684
20 26448.309
22 27342.523
24 128554.035
2 72964.840
4 40444.240
6 29898.157
8 25751.381
10 24188.786
12 25267.417
14 26765.685
16 26724.642
18 26444.010
20 26688.750
22 27692.113
24 128445.406
2 74312.462
4 40441.830
6 29972.185
8 25908.653
10 24117.027
12 25389.647
14 26758.184
16 27060.873
18 26830.374
20 26182.238
22 27493.883
24 148633.871
2 74740.805
4 40455.116
6 30451.880
8 25959.091
10 25354.444
12 26312.442
14 27697.231
16 27792.676
18 27052.373
20 28245.232
22 103098.776
24 163291.651
2 76276.352
4 41136.621
6 30951.796
8 26849.870
10 27443.695
12 28744.719
14 29771.886
16 29430.544
18 41429.711
20 85309.094
22 125573.886
24 168186.586
2 77234.089
4 41273.350
6 32916.613
8 31467.671
10 31260.289
12 31092.892
14 30190.822
16 41649.995
18 82359.623
20 107996.379
22 124943.391
24 179272.960
