2 76617.299
4 40617.376
6 28644.303
8 22201.440
10 18961.527
12 24455.627
14 21862.492
16 19695.243
18 18062.184
20 16654.315
22 15364.834
24 85050.224
2 76652.570
4 40490.548
6 28277.002
8 22136.432
10 18996.713
12 24353.506
14 21856.934
16 19616.415
18 17984.608
20 16605.445
22 15355.249
24 84052.852
2 76318.900
4 40377.115
6 28318.223
8 22133.982
10 18945.150
12 24324.732
14 21754.654
16 19610.934
18 17934.129
20 16470.813
22 15364.192
24 84871.706
2 76131.653
4 40392.782
6 28805.930
8 22158.777
10 18790.207
12 24337.249
14 21797.840
16 19640.421
18 17998.436
20 16533.103
22 15595.909
24 84710.574
2 76018.378
4 40374.356
6 28110.517
8 22168.693
10 19107.179
12 24352.173
14 21780.173
16 19651.206
18 17931.729
20 16394.785
22 15492.826
24 85135.241
2 75659.494
4 40419.159
6 28674.241
8 22152.733
10 19399.768
12 24843.068
14 22025.042
16 19700.976
18 18045.866
20 16609.855
22 15981.792
24 87601.900
2 77271.989
4 40252.221
6 28370.176
8 22192.226
10 19204.257
12 24693.054
14 22008.115
16 19726.896
18 18161.760
20 16651.588
22 16431.098
24 87311.744
2 75130.300
4 40361.300
6 28339.059
8 22183.192
10 19294.308
12 24804.945
14 21919.415
16 19770.554
18 18111.275
20 16612.763
22 16253.877
24 87585.946
2 77487.103
4 40413.620
6 28478.814
8 23978.371
10 27840.163
12 25138.650
14 22129.761
16 19720.286
18 18127.828
20 17576.798
22 69405.691
24 88685.807
2 77858.824
4 40326.681
6 29320.026
8 27949.934
10 29147.863
12 25140.883
14 22167.609
16 19891.492
18 19340.012
20 25331.549
22 73684.126
24 89783.715
