2 1746.782
4 1726.290
6 1708.507
8 1674.657
10 1714.249
12 1686.601
14 1691.762
16 1696.647
18 1702.278
20 1701.751
22 1712.318
24 1749.795
2 1734.123
4 1691.451
6 1737.562
8 1691.981
10 1733.043
12 1687.163
14 1731.615
16 1697.354
18 1691.847
20 1679.142
22 1734.912
24 1750.100
2 1687.989
4 1700.794
6 1724.927
8 1681.094
10 1697.451
12 1691.588
14 1684.795
16 1711.348
18 1712.584
20 1710.432
22 1717.112
24 1784.245
2 1684.661
4 1687.495
6 1688.446
8 1690.172
10 1684.965
12 1681.446
14 1694.325
16 1685.490
18 1692.189
20 1695.128
22 1714.017
24 1773.250
2 1699.472
4 1684.564
6 1674.853
8 1682.150
10 1688.374
12 1686.435
14 1702.612
16 1691.330
18 1705.568
20 1705.214
22 1746.802
24 1763.818
2 1722.354
4 1718.656
6 1683.313
8 1690.477
10 1683.648
12 1728.198
14 1699.400
16 1691.801
18 1703.994
20 1705.699
22 1697.411
24 1765.331
2 1678.907
4 1724.822
6 1678.555
8 1700.615
10 1682.736
12 1684.848
14 1699.488
16 1717.673
18 1692.612
20 1711.103
22 1708.724
24 1772.700
2 1686.618
4 1722.861
6 1675.315
8 1677.117
10 1682.540
12 1675.770
14 1680.329
16 1689.377
18 1729.763
20 1692.748
22 1710.626
24 1751.468
2 1687.280
4 1714.870
6 1707.575
8 1691.938
10 1726.726
12 1695.801
14 1682.728
16 1698.172
18 1740.077
20 1695.857
22 1732.319
24 1762.881
2 1667.179
4 1672.437
6 1679.884
8 1683.841
10 1691.391
12 1672.528
14 1693.710
16 1691.249
18 1720.841
20 1705.917
22 1700.378
24 1771.863
