2 458.040
4 258.992
6 276.926
8 549.399
10 241.666
12 260.354
14 279.844
16 287.479
18 260.121
20 245.170
22 257.289
24 253.576
2 421.708
4 317.999
6 274.244
8 470.784
10 275.537
12 286.422
14 241.744
16 284.740
18 277.592
20 273.093
22 228.861
24 267.164
2 389.107
4 270.860
6 266.723
8 199.972
10 284.247
12 280.421
14 269.298
16 293.450
18 292.237
20 248.062
22 255.298
24 262.959
2 394.871
4 310.304
6 274.040
8 231.811
10 268.507
12 267.681
14 273.237
16 257.996
18 272.730
20 291.299
22 269.850
24 264.000
2 441.411
4 271.255
6 279.242
8 254.879
10 296.341
12 235.185
14 268.177
16 264.202
18 278.762
20 269.357
22 254.293
24 252.870
2 424.725
4 314.427
6 243.127
8 229.347
10 250.165
12 299.986
14 281.414
16 275.954
18 282.829
20 266.242
22 284.596
24 274.918
2 452.059
4 251.922
6 259.738
8 290.220
10 269.433
12 305.606
14 260.733
16 261.304
18 298.249
20 271.929
22 257.543
24 242.610
2 406.048
4 280.882
6 251.831
8 248.672
10 276.317
12 288.642
14 311.921
16 274.184
18 300.669
20 270.063
22 280.389
24 289.494
2 431.457
4 313.490
6 241.901
8 236.372
10 276.811
12 265.817
14 283.758
16 263.117
18 272.677
20 282.625
22 263.761
24 282.210
2 417.010
4 360.772
6 343.093
8 248.352
10 278.702
12 265.083
14 263.427
16 263.320
18 243.499
20 286.513
22 247.145
24 230.205
