2 744.423
4 747.847
6 726.847
8 745.563
10 717.678
12 693.903
14 740.584
16 730.422
18 727.248
20 745.602
22 675.986
24 742.745
2 717.968
4 761.278
6 740.428
8 748.219
10 746.233
12 722.252
14 750.851
16 752.371
18 692.597
20 703.293
22 680.536
24 744.531
2 721.685
4 737.434
6 725.335
8 665.571
10 728.245
12 753.454
14 696.038
16 670.734
18 665.331
20 668.183
22 665.753
24 678.777
2 668.575
4 747.689
6 735.255
8 733.126
10 727.909
12 698.444
14 686.378
16 729.064
18 736.896
20 730.203
22 745.226
24 748.630
2 753.462
4 741.131
6 692.217
8 753.457
10 760.923
12 749.304
14 703.781
16 729.916
18 749.819
20 735.965
22 725.368
24 676.317
2 666.880
4 770.456
6 689.663
8 667.595
10 682.071
12 666.908
14 757.241
16 760.687
18 761.031
20 738.424
22 738.232
24 747.937
2 742.600
4 748.419
6 733.123
8 737.578
10 731.572
12 741.386
14 733.793
16 736.168
18 729.595
20 745.325
22 720.750
24 747.811
2 696.735
4 756.584
6 738.933
8 737.853
10 740.785
12 742.850
14 728.562
16 741.474
18 738.784
20 732.309
22 751.364
24 692.375
2 761.147
4 735.278
6 755.962
8 714.064
10 749.242
12 774.683
14 750.090
16 737.632
18 748.287
20 733.266
22 734.361
24 728.255
2 709.333
4 731.027
6 732.202
8 665.731
10 741.062
12 720.368
14 664.781
16 717.914
18 708.306
20 735.550
22 786.377
24 726.736
