2 756.888
4 741.393
6 763.624
8 764.318
10 758.126
12 765.033
14 747.518
16 754.947
18 772.119
20 738.688
22 704.155
24 768.814
2 826.021
4 757.525
6 773.432
8 718.210
10 695.373
12 689.900
14 712.930
16 726.969
18 763.409
20 741.192
22 692.863
24 752.549
2 764.200
4 762.725
6 756.712
8 716.921
10 696.928
12 748.727
14 757.071
16 762.943
18 745.332
20 780.733
22 710.278
24 761.764
2 711.418
4 765.231
6 756.564
8 712.077
10 750.244
12 774.741
14 774.315
16 725.590
18 770.643
20 752.425
22 712.618
24 779.630
2 755.268
4 729.985
6 755.977
8 757.606
10 778.547
12 766.687
14 732.157
16 763.469
18 744.828
20 762.835
22 775.025
24 716.186
2 754.904
4 756.336
6 733.284
8 690.399
10 753.140
12 778.650
14 724.363
16 712.490
18 712.717
20 756.728
22 751.498
24 761.276
2 748.103
4 758.124
6 752.018
8 752.244
10 800.111
12 758.755
14 742.213
16 798.294
18 765.096
20 770.134
22 758.329
24 746.038
2 758.206
4 748.745
6 703.382
8 680.147
10 760.841
12 743.370
14 721.221
16 747.242
18 739.075
20 760.620
22 729.509
24 759.764
2 757.372
4 750.477
6 743.590
8 680.398
10 758.735
12 773.781
14 751.308
16 803.722
18 776.513
20 786.298
22 762.718
24 720.434
2 729.754
4 712.409
6 731.600
8 794.471
10 714.641
12 706.568
14 717.496
16 767.119
18 754.547
20 773.940
22 762.090
24 762.084
