2 767.880
4 745.501
6 831.448
8 793.248
10 1468.892
12 1162.230
14 1372.424
16 1659.974
18 1266.570
20 1454.019
22 1529.071
24 1075.675
2 752.336
4 756.119
6 787.806
8 834.546
10 1462.031
12 1360.902
14 1502.099
16 1338.901
18 1505.893
20 1431.927
22 1387.531
24 1559.173
2 759.038
4 780.953
6 785.301
8 820.098
10 1376.111
12 1339.952
14 1434.524
16 1430.475
18 1335.389
20 1375.809
22 1219.864
24 1276.285
2 770.079
4 780.328
6 725.498
8 761.562
10 1447.605
12 1491.151
14 1456.334
16 1389.476
18 1495.383
20 1346.798
22 1340.842
24 1429.992
2 771.737
4 749.339
6 790.656
8 893.318
10 1515.058
12 1298.672
14 1541.998
16 1346.305
18 1524.382
20 1334.222
22 1412.983
24 1310.123
2 734.919
4 835.263
6 793.438
8 814.830
10 1141.538
12 1180.265
14 1626.357
16 1429.690
18 1491.836
20 1452.111
22 1209.979
24 1216.013
2 714.446
4 843.559
6 763.975
8 837.804
10 1517.623
12 1337.983
14 1557.302
16 1450.893
18 1371.556
20 1256.391
22 1277.680
24 1284.589
2 792.599
4 785.068
6 770.538
8 781.967
10 1466.891
12 1446.278
14 1330.962
16 1405.079
18 1496.287
20 1229.767
22 1349.409
24 1212.783
2 720.533
4 775.685
6 806.584
8 945.845
10 1401.582
12 1231.705
14 1325.999
16 1314.089
18 1376.648
20 1346.083
22 1223.780
24 1337.535
2 764.328
4 796.976
6 722.618
8 768.341
10 1413.089
12 1457.774
14 1498.835
16 1342.388
18 1432.746
20 1319.497
22 1224.162
24 1565.057
