2 469.288
4 344.814
6 287.841
8 317.829
10 295.796
12 297.233
14 299.721
16 284.139
18 295.419
20 299.983
22 279.424
24 276.939
2 496.415
4 325.472
6 306.506
8 267.890
10 289.563
12 291.834
14 310.504
16 286.261
18 271.332
20 274.335
22 300.379
24 280.265
2 528.633
4 279.473
6 314.303
8 271.135
10 281.957
12 284.646
14 273.924
16 298.432
18 271.032
20 288.895
22 269.219
24 269.981
2 466.467
4 277.854
6 299.850
8 297.493
10 294.159
12 285.193
14 294.750
16 296.532
18 267.817
20 274.160
22 283.575
24 296.512
2 489.674
4 313.672
6 326.660
8 298.900
10 292.832
12 291.016
14 294.031
16 288.455
18 277.401
20 287.709
22 276.015
24 271.131
2 471.741
4 316.199
6 296.123
8 355.775
10 295.174
12 268.456
14 260.727
16 270.736
18 291.892
20 284.159
22 283.911
24 288.055
2 460.916
4 312.620
6 321.751
8 287.030
10 297.187
12 297.666
14 287.035
16 265.995
18 292.988
20 306.311
22 277.227
24 305.730
2 511.369
4 368.800
6 314.371
8 284.433
10 309.370
12 299.975
14 272.438
16 287.051
18 285.585
20 267.960
22 294.055
24 285.906
2 492.512
4 309.996
6 284.869
8 297.580
10 276.495
12 293.338
14 262.928
16 301.966
18 300.416
20 287.704
22 282.249
24 281.668
2 459.623
4 409.725
6 292.625
8 233.935
10 324.416
12 313.961
14 295.177
16 281.729
18 300.753
20 291.849
22 257.886
24 273.168
