2 434.879
4 247.091
6 218.161
8 214.142
10 227.633
12 235.789
14 251.299
16 213.810
18 224.865
20 223.395
22 239.150
24 226.707
2 413.572
4 265.275
6 224.629
8 345.349
10 236.712
12 205.706
14 221.284
16 239.899
18 239.367
20 225.109
22 227.246
24 231.641
2 426.043
4 253.782
6 236.561
8 296.503
10 215.115
12 220.977
14 221.725
16 208.800
18 236.025
20 233.834
22 225.753
24 213.486
2 421.388
4 296.572
6 286.458
8 218.741
10 233.706
12 221.277
14 234.472
16 245.619
18 227.987
20 217.563
22 219.124
24 238.319
2 381.814
4 234.765
6 218.571
8 233.827
10 227.286
12 238.953
14 233.355
16 221.526
18 241.539
20 234.613
22 248.798
24 216.014
2 376.899
4 249.734
6 210.295
8 236.727
10 228.849
12 206.800
14 225.774
16 239.908
18 239.295
20 200.536
22 234.412
24 206.955
2 404.220
4 236.964
6 229.079
8 213.474
10 209.007
12 212.934
14 220.050
16 230.799
18 216.208
20 220.016
22 239.323
24 236.478
2 406.495
4 253.128
6 213.692
8 263.848
10 231.468
12 235.029
14 229.207
16 252.524
18 224.633
20 202.161
22 217.723
24 206.731
2 392.799
4 221.089
6 232.092
8 221.527
10 250.092
12 236.800
14 226.629
16 229.447
18 225.865
20 225.616
22 236.102
24 222.737
2 403.791
4 252.212
6 228.772
8 242.581
10 241.766
12 250.897
14 223.792
16 235.496
18 239.443
20 227.607
22 228.767
24 226.419
