2 1191.677
4 1134.748
6 1184.902
8 1166.067
10 1096.214
12 1171.747
14 1160.848
16 1139.421
18 1083.676
20 1093.502
22 1176.227
24 1188.645
2 1135.494
4 1124.228
6 1148.957
8 1201.665
10 1176.742
12 1171.408
14 1158.066
16 1173.104
18 1115.989
20 1175.963
22 1180.782
24 1152.115
2 1189.337
4 1186.927
6 1127.689
8 1183.084
10 1180.574
12 1125.494
14 1188.438
16 1246.665
18 1151.657
20 1166.992
22 1140.457
24 1195.227
2 1190.257
4 1158.308
6 1112.568
8 1187.295
10 1117.349
12 1180.755
14 1194.140
16 1177.148
18 1170.633
20 1200.296
22 1157.841
24 1150.398
2 1151.771
4 1209.805
6 1163.746
8 1194.501
10 1161.973
12 1168.215
14 1201.702
16 1159.272
18 1183.068
20 1183.330
22 1150.598
24 1192.604
2 1160.695
4 1183.126
6 1169.304
8 1180.121
10 1135.705
12 1131.526
14 1118.445
16 1122.920
18 1139.052
20 1178.274
22 1199.610
24 1161.798
2 1166.119
4 1085.005
6 1169.640
8 1188.986
10 1089.958
12 1186.813
14 1101.365
16 1175.491
18 1078.236
20 1197.807
22 1139.519
24 1205.731
2 1219.913
4 1118.978
6 1180.671
8 1183.770
10 1208.475
12 1158.481
14 1183.386
16 1117.365
18 1184.154
20 1117.499
22 1085.893
24 1190.289
2 1206.572
4 1178.338
6 1187.295
8 1185.845
10 1166.021
12 1113.512
14 1185.902
16 1165.821
18 1170.820
20 1179.557
22 1163.529
24 1122.219
2 1142.502
4 1113.252
6 1179.283
8 1182.911
10 1159.132
12 1134.996
14 1108.604
16 1148.326
18 1177.280
20 1094.382
22 1192.097
24 1167.422
