2 15676.271
4 15603.156
6 15631.256
8 15597.870
10 15580.956
12 15557.251
14 15542.960
16 15555.594
18 15577.766
20 15546.382
22 15534.092
24 15626.990
2 15551.032
4 15536.098
6 15622.935
8 15578.835
10 15550.573
12 15551.589
14 15632.162
16 15562.305
18 15526.525
20 15558.790
22 15579.995
24 15554.505
2 15589.113
4 15595.851
6 15549.494
8 15553.897
10 15591.087
12 15561.491
14 15551.448
16 15602.626
18 15546.155
20 15545.019
22 15561.914
24 15604.564
2 15544.713
4 15556.207
6 15605.431
8 15554.063
10 15558.996
12 15586.152
14 15558.992
16 15538.502
18 15559.479
20 15555.424
22 15538.887
24 15557.845
2 15643.086
4 15748.995
6 15584.253
8 15629.077
10 15662.511
12 15557.815
14 15580.375
16 15564.175
18 15572.787
20 15623.182
22 15637.149
24 15652.839
2 15590.448
4 15572.154
6 15560.714
8 15575.440
10 15553.666
12 15542.263
14 15587.929
16 15572.365
18 15654.560
20 15557.393
22 15547.884
24 15576.593
2 15600.134
4 15545.117
6 15554.010
8 15592.021
10 15611.549
12 15641.394
14 15558.305
16 15564.416
18 15538.789
20 15533.229
22 15621.750
24 15595.906
2 15558.172
4 15617.028
6 15564.814
8 15562.710
10 15579.478
12 