2 5930.811
4 5623.857
6 5655.366
8 5971.969
10 6550.186
12 7060.160
14 7432.879
16 7627.280
18 7898.907
20 7812.956
22 8298.482
24 8956.001
2 5880.496
4 5763.051
6 5778.579
8 5586.003
10 7222.808
12 7899.620
14 6577.961
16 7588.633
18 7570.802
20 8045.242
22 8309.289
24 9067.006
2 6011.847
4 5777.125
6 5786.725
8 6494.628
10 6586.674
12 7063.419
14 7436.879
16 7837.003
18 7932.366
20 8002.089
22 8659.292
24 8966.046
2 6015.946
4 5757.518
6 5729.581
8 5891.690
10 6609.009
12 7261.830
14 7307.136
16 7543.101
18 7813.598
20 7948.679
22 8361.755
24 8718.084
2 5913.376
4 5811.768
6 5762.342
8 6059.784
10 6657.179
12 7122.820
14 7432.485
16 7660.236
18 7632.502
20 8075.562
22 8156.728
24 8695.086
2 5899.986
4 5660.740
6 5764.748
8 5996.616
10 6661.557
12 7019.779
14 7342.869
16 7626.479
18 7806.603
20 7805.633
22 8329.560
24 8654.190
2 5905.053
4 5650.550
6 5802.149
8 5869.337
10 6578.037
12 7111.236
14 7356.182
16 7573.194
18 7943.067
20 7929.636
22 7975.755
24 8589.294
2 5947.594
4 5757.560
6 5744.555
8 6111.671
10 6774.693
12 7250.974
14 7414.972
16 7732.066
18 7812.904
20 7793.827
22 8261.342
24 8722.143
2 6043.089
4 5690.873
6 5819.527
8 5952.121
10 6639.651
12 7564.396
14 7394.541
16 7735.252
18 7862.677
20 7135.695
22 8061.579
24 8946.577
2 5976.202
4 5527.152
6 5646.912
8 6162.012
10 6801.149
12 8129.960
14 7345.637
16 7638.354
18 7927.527
20 8063.933
22 7983.973
24 9004.661
