2 9651.203
4 9661.562
6 9648.207
8 9680.810
10 9765.690
12 9782.509
14 9648.163
16 9689.742
18 9651.341
20 9656.428
22 9653.797
24 9656.945
2 9668.428
4 9667.565
6 9661.531
8 9655.974
10 9679.524
12 9647.934
14 9759.684
16 9635.825
18 9690.963
20 9679.686
22 9640.840
24 9760.178
2 9747.899
4 9642.871
6 9751.113
8 9654.126
10 9668.599
12 9721.422
14 9694.633
16 9723.845
18 9685.088
20 9670.340
22 9681.284
24 9642.650
2 9649.202
4 9661.878
6 9750.673
8 9772.573
10 9651.701
12 9665.418
14 9655.406
16 9637.909
18 9660.501
20 9705.493
22 9692.026
24 9690.997
2 9661.597
4 9650.941
6 9677.913
8 9644.508
10 9673.487
12 9720.214
14 9643.058
16 9651.119
18 9688.459
20 9646.494
22 9662.924
24 9651.534
2 9664.168
4 9666.700
6 9655.129
8 9665.088
10 9653.396
12 9672.733
14 9659.339
16 9642.037
18 9646.929
20 9644.421
22 9658.435
24 9657.760
2 9671.221
4 9650.383
6 9665.448
8 9649.072
10 9733.504
12 9692.761
14 9758.091
16 9731.897
18 9688.379
20 9644.568
22 9651.336
24 9656.566
2 9674.857
4 9670.068
6 9657.774
8 9651.251
10 9646.878
12 9642.232
14 9684.628
16 9777.129
18 9652.779
20 9652.686
22 9646.755
24 9649.591
2 9651.757
4 9658.032
6 9676.873
8 9758.033
10 9645.487
12 9658.806
14 9642.906
16 9652.829
18 9696.796
20 9642.391
22 9646.624
24 9682.642
2 9693.004
4 9655.625
6 9645.143
8 9672.068
10 9645.857
12 9642.935
14 9662.562
16 9668.542
18 9674.936
20 9648.626
22 9636.108
24 9659.812
