2 7270.205
4 7270.996
6 7277.288
8 7270.547
10 7268.361
12 7269.764
14 7275.250
16 7266.408
18 7268.822
20 7275.674
22 7270.641
24 7269.756
2 7276.228
4 7275.689
6 7275.847
8 7270.411
10 7276.015
12 7271.430
14 7276.092
16 7271.163
18 7274.017
20 7272.310
22 7278.003
24 7270.350
2 7276.738
4 7266.692
6 7279.379
8 7268.798
10 7307.806
12 7275.257
14 7291.285
16 7273.116
18 7300.188
20 7285.817
22 7278.097
24 7274.062
2 7273.608
4 7271.425
6 7298.653
8 7270.234
10 7275.000
12 7272.673
14 7309.182
16 7284.709
18 7288.577
20 7270.140
22 7278.616
24 7334.269
2 7280.736
4 7291.786
6 7277.748
8 7280.593
10 7278.218
12 7269.895
14 7270.105
16 7270.626
18 7277.422
20 7276.058
22 7271.015
24 7271.833
2 7290.869
4 7287.430
6 7270.179
8 7271.183
10 7343.516
12 7268.159
14 7268.258
16 7272.079
18 7266.034
20 7268.983
22 7276.018
24 7269.143
2 7267.055
4 7271.486
6 7305.638
8 7286.816
10 7266.213
12 7275.196
14 7274.628
16 7271.924
18 7274.067
20 7269.285
22 7269.434
24 7272.235
2 7281.499
4 7271.580
6 7270.052
8 7273.740
10 7275.758
12 7296.407
14 7269.379
16 7315.198
18 7276.828
20 7274.332
22 7312.791
24 7277.949
2 7267.971
4 7299.230
6 7269.856
8 7287.357
10 7268.554
12 7278.149
14 7282.725
16 7268.671
18 7203.360
20 7271.414
22 7268.672
24 7276.785
2 7277.327
4 7275.308
6 7272.051
8 7268.493
10 7276.966
12 7344.167
14 7267.882
16 7298.051
18 7283.400
20 7271.437
22 7270.596
24 7266.400
