2 4189.821
4 2193.172
6 1627.547
8 1400.825
10 1126.348
12 1010.842
14 1119.568
16 1008.097
18 956.761
20 921.679
22 915.668
24 898.895
2 4194.151
4 2194.633
6 1622.562
8 1386.500
10 1249.562
12 1073.261
14 1121.511
16 1021.981
18 951.035
20 935.073
22 927.121
24 934.872
2 4190.092
4 2199.263
6 1627.674
8 1359.051
10 1123.158
12 1007.156
14 1117.501
16 1017.169
18 966.372
20 936.161
22 900.207
24 922.013
2 4184.486
4 2192.547
6 1635.709
8 1363.259
10 1102.416
12 1051.443
14 1139.683
16 1018.093
18 945.337
20 951.243
22 892.592
24 936.635
2 4190.827
4 2167.874
6 1634.976
8 1368.781
10 1123.645
12 1094.918
14 1135.687
16 1041.440
18 972.429
20 961.503
22 892.606
24 939.368
2 4191.367
4 2191.308
6 1664.682
8 1386.156
10 1116.953
12 1151.703
14 1138.158
16 1035.429
18 953.191
20 925.483
22 911.223
24 935.518
2 4224.526
4 2190.577
6 1660.460
8 1358.789
10 1101.825
12 1031.757
14 1157.671
16 1020.028
18 948.829
20 916.897
22 927.650
24 1182.757
2 4189.986
4 2186.789
6 1619.110
8 1404.530
10 1132.447
12 1075.307
14 1135.171
16 1014.426
18 956.527
20 930.932
22 918.856
24 1199.538
2 4182.958
4 2171.295
6 1633.866
8 1356.172
10 1176.953
12 1024.885
14 1178.456
16 1031.399
18 985.493
20 923.075
22 914.827
24 938.338
2 4202.342
4 2190.636
6 1637.515
8 1349.494
10 1128.019
12 1001.360
14 1132.205
16 1010.218
18 943.201
20 925.904
22 954.749
24 947.792
