2 4996.625
4 3024.717
6 2397.458
8 2022.030
10 1854.269
12 2063.454
14 1891.090
16 1896.096
18 1898.037
20 1925.132
22 1955.987
24 60066.514
2 4901.325
4 2932.744
6 2321.156
8 1989.913
10 1855.456
12 1951.881
14 1940.579
16 1888.165
18 1893.206
20 1889.596
22 1920.781
24 61729.006
2 5081.083
4 2998.444
6 2326.958
8 1981.626
10 1865.645
12 1843.764
14 1871.828
16 1854.906
18 1958.381
20 1854.928
22 1893.949
24 58048.444
2 5179.599
4 3045.130
6 2247.799
8 2004.106
10 1808.574
12 1873.922
14 1876.100
16 1844.118
18 1848.632
20 1877.605
22 1905.765
24 55398.240
2 5095.918
4 3036.132
6 2330.364
8 2018.024
10 1786.314
12 1816.760
14 1822.863
16 1845.546
18 1845.643
20 1841.934
22 1891.986
24 65048.062
2 4724.120
4 3055.899
6 2294.761
8 1907.459
10 1811.421
12 1890.673
14 1805.433
16 1851.783
18 1827.541
20 1870.751
22 1864.511
24 58484.280
2 4930.266
4 3052.094
6 2270.570
8 1982.422
10 1803.875
12 1814.655
14 1886.473
16 1881.809
18 1890.726
20 1900.175
22 1908.951
24 57915.687
2 4769.096
4 3101.022
6 2343.883
8 1946.617
10 1842.881
12 1849.381
14 1873.172
16 1902.565
18 1900.704
20 1922.796
22 1915.280
24 59138.677
2 5167.896
4 3041.530
6 2398.651
8 2022.797
10 1853.850
12 1836.610
14 1888.170
16 1881.198
18 1892.951
20 1932.514
22 1873.473
24 59707.397
2 5215.849
4 2981.544
6 2301.520
8 1999.034
10 1843.180
12 1862.332
14 1868.354
16 1886.976
18 1874.615
20 1912.468
22 1916.224
24 58915.712
