2 5005.577
4 3021.348
6 2333.905
8 1977.365
10 1795.956
12 2138.908
14 1994.007
16 1866.933
18 1900.693
20 1770.066
22 1621.113
24 67842.170
2 4974.748
4 3020.798
6 2447.270
8 1996.857
10 1781.614
12 2119.680
14 2128.910
16 1841.467
18 1914.477
20 1665.841
22 1602.404
24 67849.855
2 4669.268
4 3008.008
6 2331.736
8 1962.770
10 1786.378
12 2133.139
14 2129.765
16 1794.432
18 1918.668
20 1753.017
22 1599.196
24 64352.052
2 4947.284
4 2972.907
6 2315.237
8 1963.635
10 1847.729
12 2139.899
14 2004.759
16 1862.186
18 1929.587
20 1741.899
22 1608.679
24 63792.320
2 5083.194
4 3012.235
6 2355.457
8 1980.506
10 1773.491
12 2155.761
14 2003.684
16 1867.430
18 1770.875
20 1684.992
22 1639.678
24 67116.622
2 5159.620
4 3039.547
6 2463.472
8 1984.105
10 1773.395
12 2137.967
14 2004.958
16 1860.328
18 1802.276
20 1739.827
22 1599.006
24 58309.911
2 5121.762
4 3051.794
6 2440.293
8 1981.703
10 1790.387
12 2122.220
14 1993.860
16 1837.773
18 1774.554
20 1739.985
22 1592.379
24 56502.894
2 5152.146
4 3005.383
6 2297.744
8 1963.703
10 1779.353
12 2120.484
14 2155.854
16 1852.542
18 1779.375
20 1758.463
22 1609.776
24 63542.428
2 4931.799
4 3060.482
6 2415.019
8 1997.697
10 1777.090
12 2149.393
14 2003.161
16 1864.283
18 1764.941
20 1813.774
22 1620.992
24 61378.025
2 5138.735
4 3004.355
6 2417.803
8 1975.690
10 1881.653
12 2089.720
14 1982.342
16 1864.985
18 1778.953
20 1752.884
22 1615.042
24 63146.813
