2 8374.988
4 8419.614
6 8378.317
8 8374.824
10 8378.910
12 8378.082
14 8375.791
16 8389.676
18 8363.653
20 8348.875
22 8359.251
24 8373.594
2 8348.931
4 8350.336
6 8395.585
8 8349.221
10 8397.244
12 8359.583
14 8377.798
16 8378.400
18 8343.155
20 8348.357
22 8392.228
24 8372.942
2 8368.136
4 8373.596
6 8373.748
8 8373.645
10 8349.963
12 8347.532
14 8374.118
16 8346.475
18 8370.023
20 8378.139
22 8423.882
24 8374.161
2 8425.106
4 8376.796
6 8376.954
8 8377.691
10 8376.077
12 8375.512
14 8377.977
16 8391.352
18 8370.987
20 8373.602
22 8380.628
24 8382.899
2 8376.917
4 8375.878
6 8378.674
8 8422.780
10 8377.259
12 8416.950
14 8377.122
16 8379.714
18 8347.596
20 8379.562
22 8381.735
24 8372.424
2 8373.440
4 8352.123
6 8376.779
8 8375.858
10 8375.423
12 8379.290
14 8375.944
16 8347.798
18 8355.638
20 8350.104
22 8350.319
24 8356.328
2 8355.081
4 8349.555
6 8350.262
8 8352.880
10 8396.920
12 8347.673
14 8350.501
16 8347.595
18 8349.901
20 8349.654
22 8347.568
24 8355.362
2 8352.807
4 8352.668
6 8353.755
8 8354.673
10 8349.023
12 8354.069
14 8385.755
16 8351.391
18 8393.034
20 8350.589
22 8349.494
24 8353.273
2 8356.498
4 8352.792
6 8350.035
8 8351.470
10 8351.948
12 8351.486
14 8351.165
16 8353.640
18 8354.334
20 8348.226
22 8351.462
24 8356.859
2 8351.272
4 8347.284
6 8350.070
8 8352.746
10 8349.337
12 8356.366
14 8360.220
16 8350.699
18 8348.727
20 8353.610
22 8350.133
24 8347.127
