2 5309.698
4 2765.530
6 2039.971
8 1434.321
10 1431.189
12 1911.041
14 1830.939
16 1710.198
18 1802.371
20 1938.237
22 1630.156
24 66815.382
2 5300.343
4 2770.803
6 2008.963
8 1474.984
10 1453.032
12 1903.104
14 1958.138
16 1663.154
18 1946.066
20 1809.890
22 1627.800
24 64303.517
2 5274.465
4 2745.162
6 2019.104
8 1443.334
10 1473.722
12 1987.986
14 2044.198
16 1586.254
18 1800.268
20 1911.159
22 1556.295
24 56167.263
2 5284.709
4 2742.588
6 1997.723
8 1412.478
10 1451.768
12 1881.010
14 1918.047
16 1573.541
18 1743.318
20 1671.559
22 1684.088
24 62519.378
2 5265.373
4 2773.060
6 2015.067
8 1425.378
10 1318.553
12 1942.969
14 1707.268
16 1870.241
18 1585.684
20 1824.701
22 1253.641
24 67550.163
2 5283.892
4 2768.037
6 2020.191
8 1427.439
10 1392.948
12 1948.506
14 1768.096
16 1874.056
18 1514.341
20 1943.866
22 1584.393
24 50127.296
2 5305.950
4 2775.927
6 2024.896
8 1479.998
10 1446.238
12 1854.682
14 2027.004
16 1981.372
18 1917.926
20 1915.775
22 1516.196
24 66750.078
2 5335.963
4 2756.661
6 1984.420
8 1434.460
10 1442.479
12 1927.452
14 1753.023
16 1736.665
18 1558.223
20 1676.643
22 1584.555
24 55753.123
2 5294.746
4 2748.544
6 1984.783
8 1487.779
10 1472.874
12 1860.261
14 2027.714
16 1989.598
18 1764.881
20 1855.432
22 1616.665
24 67473.480
2 5260.571
4 2748.794
6 2003.752
8 1441.392
10 1488.964
12 1879.836
14 1914.723
16 1653.989
18 1347.916
20 1437.599
22 1277.060
24 57592.747
