2 27987.324
4 14721.811
6 10213.990
8 7635.063
10 6301.109
12 5478.595
14 5409.296
16 5338.833
18 5353.422
20 5093.819
22 4944.208
24 5156.996
2 28087.262
4 14652.060
6 10025.610
8 7695.558
10 6310.099
12 5407.416
14 5411.206
16 5400.173
18 5096.597
20 5004.465
22 5050.485
24 5272.942
2 28272.573
4 14678.157
6 10054.010
8 7645.431
10 6328.123
12 5523.048
14 5354.879
16 5405.730
18 5300.614
20 5068.615
22 4960.066
24 5253.993
2 28080.611
4 14706.310
6 10162.804
8 7762.249
10 6323.999
12 5667.574
14 5336.914
16 5420.379
18 5143.022
20 5033.254
22 5092.305
24 5235.780
2 27946.313
4 14693.808
6 10049.582
8 7638.445
10 6480.052
12 5614.574
14 5497.291
16 5216.448
18 5309.611
20 4987.364
22 5090.923
24 5050.658
2 28045.404
4 14762.525
6 10013.856
8 7642.079
10 6304.693
12 5641.790
14 5326.006
16 5273.691
18 5258.112
20 5044.948
22 4905.609
24 5248.585
2 28045.187
4 14721.287
6 10197.246
8 7633.205
10 6298.760
12 5615.051
14 5402.925
16 5171.723
18 5181.167
20 5089.202
22 4905.971
24 5106.672
2 28067.758
4 14637.895
6 10050.354
8 7778.063
10 6338.043
12 5496.513
14 5343.158
16 5262.719
18 5266.747
20 5031.280
22 4906.402
24 5271.836
2 28181.796
4 14751.293
6 10212.474
8 7639.864
10 6547.513
12 5515.047
14 5353.146
16 5193.535
18 5178.484
20 5071.948
22 4951.941
24 5077.075
2 28087.026
4 14632.052
6 10179.067
8 7643.304
10 6496.594
12 5679.106
14 5373.215
16 5237.324
18 5247.473
20 5018.312
22 5093.060
24 5068.094
