2 24108.366
4 15834.372
6 15700.053
8 17242.446
10 18606.764
12 19732.754
14 33385.811
16 28972.078
18 32908.989
20 36486.366
22 26667.488
24 38412.621
2 24170.637
4 15681.097
6 15100.222
8 17997.917
10 17366.944
12 27448.728
14 29690.315
16 25166.099
18 25876.398
20 26428.825
22 30139.854
24 28441.118
2 24156.606
4 16270.994
6 15191.517
8 16745.579
10 19532.705
12 27844.703
14 33346.668
16 34812.585
18 35542.993
20 36233.496
22 30245.383
24 38715.818
2 24142.370
4 15644.915
6 16103.990
8 16684.379
10 22353.399
12 27562.975
14 27475.471
16 35180.452
18 36012.760
20 30553.929
22 36818.537
24 32010.752
2 24226.312
4 16244.118
6 16036.437
8 18267.239
10 22069.206
12 27528.966
14 34016.693
16 29155.864
18 29679.437
20 29939.971
22 36343.902
24 38489.981
2 24239.097
4 16072.534
6 15157.365
8 18161.451
10 22183.977
12 27648.123
14 33705.614
16 34356.139
18 27193.634
20 27511.886
22 36751.014
24 38274.390
2 24165.072
4 16237.882
6 15161.220
8 17049.719
10 21994.794
12 27957.090
14 34122.410
16 34165.926
18 35913.733
20 36261.540
22 30550.611
24 38787.948
2 24190.612
4 15832.286
6 16180.498
8 17896.157
10 19282.514
12 27913.259
14 33344.253
16 34924.054
18 34918.047
20 36302.197
22 30168.279
24 38362.364
2 24124.149
4 16281.644
6 16078.384
8 16450.063
10 18711.418
12 20124.389
14 32874.399
16 24705.743
18 29770.842
20 26510.386
22 32975.650
24 32219.396
2 24099.087
4 16216.251
6 15573.906
8 16597.571
10 19280.660
12 22851.649
14 29003.361
16 28731.809
18 30282.695
20 30228.150
22 27231.419
24 32043.678
