2 85383.472
4 42647.673
6 28735.035
8 21473.554
10 17443.127
12 15126.141
14 23185.289
16 20213.136
18 18009.806
20 16431.722
22 15072.400
24 14466.220
2 85595.337
4 42807.184
6 28739.264
8 21542.205
10 17483.108
12 15086.761
14 23140.706
16 20220.085
18 18041.468
20 16395.323
22 15048.839
24 14446.161
2 85372.560
4 42669.402
6 28699.584
8 21400.109
10 17358.701
12 15068.903
14 23197.773
16 20265.272
18 18143.538
20 16529.078
22 15003.989
24 14259.748
2 85514.799
4 42901.809
6 28788.233
8 21516.562
10 17482.732
12 15118.571
14 23216.883
16 20290.716
18 18151.849
20 16523.012
22 15028.453
24 14296.275
2 85466.770
4 42778.456
6 28628.147
8 21562.230
10 17614.462
12 15030.627
14 23187.198
16 20227.287
18 18103.658
20 16541.827
22 14967.103
24 14478.152
2 85633.615
4 42798.020
6 28705.365
8 21383.894
10 17446.539
12 15095.577
14 23202.965
16 20255.330
18 18030.277
20 16495.885
22 15058.442
24 14395.692
2 85280.952
4 42723.674
6 28616.375
8 21404.612
10 17501.706
12 15112.892
14 23131.195
16 20262.949
18 18170.353
20 16438.444
22 15043.275
24 14396.870
2 85604.866
4 42729.323
6 28699.898
8 21451.765
10 17536.021
12 14971.695
14 23115.247
16 20275.151
18 18141.298
20 16497.777
22 15016.433
24 14479.995
2 101052.742
4 42640.250
6 28546.254
8 21391.391
10 17441.722
12 14989.642
14 23239.712
16 20200.668
18 18177.821
20 16455.408
22 15006.492
24 14529.058
2 85481.078
4 42604.586
6 28772.807
8 21598.437
10 17521.207
12 15074.443
14 23167.128
16 20272.549
18 18118.269
20 16433.781
22 14967.241
24 14304.964
