2 72717.888
4 36503.254
6 24422.150
8 18307.225
10 14820.342
12 12648.202
14 15901.678
16 14012.675
18 12447.698
20 11299.014
22 10294.290
24 9892.694
2 72809.661
4 36467.278
6 24439.889
8 18359.768
10 14846.752
12 12596.318
14 15918.270
16 14050.016
18 12424.388
20 11272.690
22 10268.249
24 9951.747
2 72912.125
4 36524.013
6 24460.580
8 18364.242
10 14775.843
12 12727.580
14 15881.903
16 14053.467
18 12441.365
20 11241.131
22 10294.617
24 9968.565
2 72780.895
4 36465.713
6 24390.749
8 18266.961
10 14781.583
12 12808.125
14 15930.472
16 14075.604
18 12455.996
20 11252.386
22 10267.081
24 9819.539
2 72761.988
4 36489.915
6 24399.315
8 18344.080
10 14784.757
12 12590.863
14 15932.840
16 14011.600
18 12495.183
20 11248.345
22 10269.927
24 10014.113
2 72787.474
4 36476.354
6 24404.044
8 18287.184
10 14744.709
12 12698.856
14 15865.524
16 14067.450
18 12413.467
20 11251.584
22 10282.631
24 9950.758
2 72820.835
4 36564.601
6 24365.101
8 18300.572
10 14743.817
12 12665.863
14 15877.861
16 14057.010
18 12408.405
20 11238.105
22 10248.518
24 9917.597
2 72772.394
4 36460.079
6 24376.402
8 18325.577
10 14792.112
12 12727.557
14 15915.272
16 14065.986
18 12440.946
20 11338.875
22 10297.965
24 9797.841
2 72762.035
4 36474.226
6 24361.558
8 18335.909
10 14862.356
12 12618.063
14 15910.467
16 14070.540
18 12531.480
20 11270.292
22 10291.029
24 9976.109
2 72744.301
4 36486.234
6 24401.710
8 18441.500
10 14833.016
12 12662.463
14 15868.935
16 14086.842
18 12453.777
20 11310.983
22 10356.002
24 9921.385
