2 74268.303
4 40502.828
6 30248.766
8 25564.520
10 24547.245
12 24519.614
14 25770.163
16 28499.557
18 26685.510
20 26462.849
22 26494.232
24 34466.264
2 74106.718
4 40407.878
6 29884.639
8 26222.035
10 24070.263
12 23590.990
14 27385.307
16 27180.380
18 26502.500
20 29542.366
22 26407.394
24 27670.904
2 74071.572
4 40450.234
6 30014.828
8 26181.312
10 24439.054
12 24452.417
14 26900.104
16 27800.231
18 27353.405
20 28715.017
22 25690.518
24 34737.635
2 74490.265
4 40662.894
6 29784.066
8 26139.851
10 24328.664
12 24290.155
14 27540.595
16 26758.595
18 26624.521
20 28954.628
22 25143.224
24 27609.028
2 74316.758
4 40563.373
6 29814.741
8 26353.789
10 24721.900
12 24575.100
14 26459.191
16 26924.127
18 26851.346
20 29515.587
22 25525.691
24 27653.834
2 74170.767
4 41097.976
6 29934.687
8 25655.772
10 24208.490
12 24409.557
14 27565.838
16 27149.773
18 28679.689
20 26583.516
22 29975.720
24 27650.126
2 74194.325
4 40390.848
6 30125.286
8 26020.685
10 24475.990
12 24375.308
14 27396.260
16 27108.727
18 28745.829
20 29406.012
22 26837.970
24 28080.442
2 74126.851
4 40668.820
6 30242.641
8 26110.032
10 24495.269
12 24728.245
14 27403.647
16 28475.775
18 26571.224
20 29183.737
22 30111.983
24 34667.754
2 74372.625
4 40552.610
6 30022.363
8 26039.723
10 24875.475
12 24103.196
14 25342.047
16 26141.456
18 26291.395
20 28783.049
22 31730.596
24 34597.405
2 74221.597
4 40387.831
6 30069.869
8 25843.905
10 24451.548
12 24386.540
14 27507.172
16 28602.900
18 27285.787
20 29354.894
22 31418.302
24 34895.493
