2 46087.851
4 46088.474
6 46126.194
8 46083.613
10 46081.291
12 46028.205
14 46090.641
16 46068.050
18 46125.272
20 46033.619
22 46071.333
24 46073.006
2 46128.024
4 46080.818
6 46034.863
8 46012.018
10 46085.287
12 46126.398
14 46105.271
16 46120.903
18 46015.464
20 46131.193
22 46080.455
24 46103.891
2 46113.230
4 46070.460
6 46049.735
8 46190.288
10 46062.277
12 46095.092
14 46063.835
16 46120.133
18 46093.710
20 46118.368
22 49155.109
24 46082.838
2 46075.903
4 46168.222
6 46130.243
8 46134.677
10 46214.078
12 46072.990
14 46126.064
16 46091.902
18 46108.455
20 46058.402
22 46035.037
24 46154.399
2 46075.991
4 46060.965
6 46127.401
8 46109.863
10 46140.940
12 46075.294
14 46087.219
16 46107.824
18 46111.495
20 46021.503
22 46039.827
24 46174.779
2 46131.561
4 46078.890
6 46086.251
8 46071.020
10 46091.345
12 46136.451
14 46074.447
16 46064.804
18 46115.523
20 46089.518
22 46135.826
24 46065.815
2 46101.536
4 46102.643
6 46147.854
8 46078.312
10 46083.015
12 46128.542
14 46118.848
16 46056.297
18 46077.275
20 46159.236
22 46150.873
24 46013.969
2 46100.993
4 46071.912
6 46071.617
8 46058.542
10 46113.274
12 46086.797
14 46090.126
16 46072.640
18 46053.618
20 46140.484
22 46058.073
24 46110.724
2 46057.961
4 46093.638
6 46119.775
8 46033.486
10 46179.799
12 46035.342
14 46043.009
16 49107.141
18 46113.169
20 46107.489
22 46086.722
24 46097.119
2 46154.476
4 46084.193
6 46012.701
8 46135.930
10 46035.605
12 46008.846
14 46016.290
16 46105.896
18 46037.863
20 46021.583
22 46051.321
24 46089.269
