2 146379.103
4 146407.383
6 146408.572
8 146384.353
10 146287.158
12 146267.651
14 146313.918
16 146307.113
18 146619.228
20 146369.829
22 146317.286
24 146379.318
2 146339.852
4 146372.184
6 146328.204
8 146351.507
10 146428.633
12 146398.990
14 146341.977
16 146304.524
18 146384.010
20 146285.016
22 146322.595
24 146272.373
2 146296.787
4 146348.762
6 146309.926
8 146330.215
10 146401.242
12 146434.859
14 146380.233
16 146293.592
18 146283.917
20 146315.562
22 146396.835
24 146335.240
2 146360.253
4 146379.346
6 146367.152
8 146363.159
10 146363.972
12 146314.083
14 146279.126
16 146324.391
18 146354.980
20 146377.511
22 146338.447
24 146315.090
2 146307.155
4 146369.290
6 146362.302
8 146246.528
10 146394.339
12 146325.230
14 146252.704
16 146401.323
18 146251.988
20 146386.776
22 146316.937
24 146388.707
2 146320.819
4 146372.891
6 146301.617
8 146355.538
10 146358.381
12 146307.325
14 146429.269
16 146308.718
18 146337.371
20 146287.350
22 146317.429
24 146299.238
2 146319.091
4 146371.114
6 146300.967
8 146363.393
10 146235.365
12 146317.619
14 146267.229
16 146364.266
18 146299.094
20 146315.207
22 146300.386
24 146379.433
2 146444.044
4 146338.358
6 146327.428
8 146311.448
10 146333.231
12 146347.496
14 146341.095
16 146347.204
18 146326.926
20 146433.135
22 146341.844
24 146342.382
2 146402.378
4 146364.826
6 146266.467
8 146333.442
10 146389.681
12 146270.270
14 146397.649
16 146302.844
18 146301.688
20 146303.629
22 146400.014
24 146280.509
2 146329.627
4 146287.225
6 146337.111
8 146318.101
10 146294.400
12 146325.223
14 146389.524
16 146317.704
18 146318.906
20 146335.146
22 146328.413
24 146370.172
