2 1150.565
4 588.904
6 492.976
8 349.705
10 407.069
12 374.809
14 380.854
16 239.645
18 229.706
20 245.679
22 253.999
24 456.639
2 1158.361
4 593.839
6 500.146
8 341.514
10 363.301
12 410.811
14 409.437
16 256.609
18 246.884
20 255.932
22 260.894
24 252.099
2 1148.413
4 586.272
6 479.778
8 319.392
10 348.224
12 328.427
14 375.167
16 234.125
18 257.820
20 243.309
22 257.464
24 270.467
2 1142.890
4 589.992
6 504.588
8 321.332
10 345.104
12 376.734
14 393.526
16 252.627
18 260.371
20 237.397
22 252.247
24 297.321
2 1170.084
4 590.209
6 503.582
8 376.162
10 381.960
12 353.159
14 387.904
16 245.213
18 249.681
20 251.067
22 253.002
24 245.901
2 1160.384
4 587.447
6 484.770
8 377.976
10 349.809
12 411.563
14 373.899
16 247.818
18 250.064
20 263.063
22 260.097
24 276.541
2 1153.751
4 597.101
6 486.474
8 344.338
10 345.549
12 372.640
14 385.740
16 242.411
18 256.307
20 294.154
22 257.292
24 281.922
2 1134.833
4 589.309
6 499.343
8 351.804
10 413.844
12 351.736
14 440.373
16 251.032
18 255.867
20 254.219
22 254.637
24 271.383
2 1124.374
4 567.939
6 480.142
8 345.017
10 340.042
12 425.121
14 378.869
16 241.281
18 250.229
20 249.690
22 264.446
24 287.819
2 1149.130
4 585.748
6 465.428
8 337.389
10 341.920
12 327.258
14 364.270
16 245.339
18 240.471
20 279.053
22 259.919
24 265.708
