2 424.090
4 239.411
6 169.059
8 127.594
10 110.230
12 101.969
14 88.850
16 93.100
18 87.563
20 86.175
22 98.650
24 87.224
2 425.584
4 222.884
6 166.484
8 137.361
10 105.086
12 109.989
14 96.599
16 89.301
18 92.099
20 96.679
22 94.260
24 89.275
2 424.791
4 240.413
6 163.625
8 130.831
10 111.624
12 102.872
14 103.910
16 99.726
18 94.755
20 90.384
22 92.014
24 93.837
2 414.836
4 223.486
6 167.506
8 118.624
10 117.819
12 96.646
14 95.146
16 89.114
18 101.057
20 94.551
22 90.135
24 83.042
2 407.556
4 220.216
6 154.388
8 142.597
10 103.579
12 99.492
14 100.782
16 100.518
18 86.294
20 96.348
22 84.367
24 237.229
2 421.145
4 239.506
6 171.778
8 136.564
10 136.877
12 104.962
14 94.991
16 99.819
18 86.746
20 90.442
22 96.252
24 92.515
2 420.699
4 239.996
6 165.285
8 132.948
10 118.121
12 100.362
14 120.785
16 90.161
18 92.040
20 90.982
22 83.804
24 93.290
2 427.543
4 218.714
6 171.007
8 140.529
10 109.218
12 115.193
14 113.759
16 98.908
18 86.067
20 87.308
22 96.799
24 89.507
2 421.776
4 228.486
6 159.171
8 130.349
10 117.180
12 109.753
14 92.066
16 89.115
18 90.516
20 91.077
22 91.062
24 93.022
2 424.196
4 244.024
6 172.661
8 138.448
10 109.635
12 89.519
14 93.310
16 87.768
18 92.085
20 89.526
22 92.630
24 112.432
