2 746.397
4 415.091
6 280.134
8 237.455
10 198.539
12 183.806
14 159.426
16 165.987
18 171.634
20 171.395
22 189.613
24 191.588
2 735.166
4 389.860
6 273.907
8 246.978
10 211.026
12 184.770
14 171.762
16 165.523
18 166.299
20 179.726
22 187.097
24 394.294
2 760.087
4 384.976
6 299.545
8 227.440
10 201.738
12 181.069
14 169.400
16 158.379
18 161.411
20 168.259
22 184.779
24 196.170
2 757.871
4 408.116
6 271.110
8 209.203
10 232.566
12 184.335
14 167.408
16 159.764
18 172.692
20 185.385
22 177.391
24 172.315
2 752.930
4 410.353
6 290.001
8 226.661
10 207.856
12 176.732
14 175.860
16 156.986
18 167.166
20 169.385
22 181.332
24 183.952
2 693.819
4 411.545
6 280.424
8 214.322
10 205.515
12 178.847
14 172.286
16 158.859
18 173.995
20 169.035
22 181.523
24 213.142
2 747.303
4 385.069
6 276.635
8 208.529
10 196.558
12 185.381
14 166.777
16 150.187
18 162.102
20 178.010
22 170.582
24 183.761
2 740.747
4 414.643
6 272.137
8 217.414
10 209.309
12 190.641
14 175.276
16 162.322
18 174.359
20 170.064
22 193.067
24 193.536
2 750.151
4 402.668
6 293.125
8 231.463
10 201.303
12 193.700
14 162.255
16 161.799
18 173.038
20 170.394
22 175.640
24 205.230
2 759.494
4 392.460
6 290.422
8 220.702
10 205.066
12 183.486
14 176.895
16 170.795
18 169.642
20 170.974
22 172.173
24 237.002
